1705270845.977472,lo,0.00,0.00,0.00,0,0,0.00,0.00,0.00,0,0,0.00,0.00,0,0,0.00,0.00,0.00,0,0
1705270845.977522,ens33,0.00,0.00,0.00,0,0,0.00,0.00,0.00,0,0,0.00,0.00,0,0,0.00,0.00,0.00,0,0
1705270845.977534,s1-eth1,0.00,0.00,0.00,0,0,0.00,0.00,0.00,0,0,0.00,0.00,0,0,0.00,0.00,0.00,0,0
1705270845.977548,s2-eth1,0.00,0.00,0.00,0,0,0.00,0.00,0.00,0,0,0.00,0.00,0,0,0.00,0.00,0.00,0,0
1705270845.977558,s1-eth2,0.00,0.00,0.00,0,0,0.00,0.00,0.00,0,0,0.00,0.00,0,0,0.00,0.00,0.00,0,0
1705270845.977568,s3-eth1,0.00,0.00,0.00,0,0,0.00,0.00,0.00,0,0,0.00,0.00,0,0,0.00,0.00,0.00,0,0
1705270845.977620,s2-eth2,0.00,0.00,0.00,0,0,0.00,0.00,0.00,0,0,0.00,0.00,0,0,0.00,0.00,0.00,0,0
1705270845.977631,s3-eth2,0.00,0.00,0.00,0,0,0.00,0.00,0.00,0,0,0.00,0.00,0,0,0.00,0.00,0.00,0,0
1705270845.977660,total,0.00,0.00,0.00,0,0,0.00,0.00,0.00,0,0,0.00,0.00,0,0,0.00,0.00,0.00,0,0
1705270846.977939,lo,15312.00,15312.00,30624.00,15312,15312,101.00,101.00,202.00,101,101,0.00,0.00,0,0,122496.00,122496.00,244992.00,122496,122496
1705270846.977967,ens33,4357.00,6803.00,11160.00,6803,4357,46.00,46.00,92.00,46,46,0.00,0.00,0,0,34856.00,54424.00,89280.00,54424,34856
1705270846.977982,s1-eth1,6037103.00,54714.00,6091817.00,54714,6037103,848.00,829.00,1677.00,829,848,0.00,0.00,0,0,48296824.00,437712.00,48734536.00,437712,48296824
1705270846.977996,s2-eth1,6029399.00,54821.00,6084220.00,54821,6029399,844.00,830.00,1674.00,830,844,0.00,0.00,0,0,48235192.00,438568.00,48673760.00,438568,48235192
1705270846.978009,s1-eth2,54821.00,6029399.00,6084220.00,6029399,54821,830.00,844.00,1674.00,844,830,0.00,0.00,0,0,438568.00,48235192.00,48673760.00,48235192,438568
1705270846.978023,s3-eth1,6036598.00,55587.00,6092185.00,55587,6036598,844.00,834.00,1678.00,834,844,0.00,0.00,0,0,48292784.00,444696.00,48737480.00,444696,48292784
1705270846.978132,s2-eth2,55587.00,6036598.00,6092185.00,6036598,55587,834.00,844.00,1678.00,844,834,0.00,0.00,0,0,444696.00,48292784.00,48737480.00,48292784,444696
1705270846.978151,s3-eth2,56627.00,6028096.00,6084723.00,6028096,56627,841.00,834.00,1675.00,834,841,0.00,0.00,0,0,453016.00,48224768.00,48677784.00,48224768,453016
1705270846.978176,total,18289804.00,18281330.00,36571136.00,18281330,18289804,5188.00,5162.00,10350.00,5162,5188,0.00,0.00,0,0,146318432.00,146250640.00,292569088.00,146250640,146318432
1705270847.978512,lo,4424.00,4424.00,8848.00,4424,4424,24.00,24.00,48.00,24,24,0.00,0.00,0,0,35392.00,35392.00,70784.00,35392,35392
1705270847.978539,ens33,0.00,0.00,0.00,0,0,0.00,0.00,0.00,0,0,0.00,0.00,0,0,0.00,0.00,0.00,0,0
1705270847.978552,s1-eth1,6035466.00,54450.00,6089916.00,54450,6035466,830.00,825.00,1655.00,825,830,0.00,0.00,0,0,48283728.00,435600.00,48719328.00,435600,48283728
1705270847.978567,s2-eth1,6035265.00,54717.00,6089982.00,54717,6035265,829.00,827.00,1656.00,827,829,0.00,0.00,0,0,48282120.00,437736.00,48719856.00,437736,48282120
1705270847.978582,s1-eth2,54717.00,6035265.00,6089982.00,6035265,54717,827.00,829.00,1656.00,829,827,0.00,0.00,0,0,437736.00,48282120.00,48719856.00,48282120,437736
1705270847.978671,s3-eth1,6035064.00,54918.00,6089982.00,54918,6035064,828.00,828.00,1656.00,828,828,0.00,0.00,0,0,48280512.00,439344.00,48719856.00,439344,48280512
1705270847.978737,s2-eth2,54918.00,6035064.00,6089982.00,6035064,54918,828.00,828.00,1656.00,828,828,0.00,0.00,0,0,439344.00,48280512.00,48719856.00,48280512,439344
1705270847.978753,s3-eth2,55316.00,6034756.00,6090072.00,6034756,55316,831.00,826.00,1657.00,826,831,0.00,0.00,0,0,442528.00,48278048.00,48720576.00,48278048,442528
1705270847.978778,total,18275170.00,18273594.00,36548764.00,18273594,18275170,4997.00,4987.00,9984.00,4987,4997,0.00,0.00,0,0,146201360.00,146188752.00,292390112.00,146188752,146201360
1705270848.979135,lo,4200.00,4200.00,8400.00,4200,4200,30.00,30.00,60.00,30,30,0.00,0.00,0,0,33600.00,33600.00,67200.00,33600,33600
1705270848.979161,ens33,0.00,0.00,0.00,0,0,0.00,0.00,0.00,0,0,0.00,0.00,0,0,0.00,0.00,0.00,0,0
1705270848.979173,s1-eth1,6035311.00,54586.00,6089897.00,54586,6035311,831.00,827.00,1658.00,827,831,0.00,0.00,0,0,48282488.00,436688.00,48719176.00,436688,48282488
1705270848.979207,s2-eth1,6035134.00,54693.00,6089827.00,54693,6035134,829.00,828.00,1657.00,828,829,0.00,0.00,0,0,48281072.00,437544.00,48718616.00,437544,48281072
1705270848.979221,s1-eth2,54693.00,6035134.00,6089827.00,6035134,54693,828.00,829.00,1657.00,829,828,0.00,0.00,0,0,437544.00,48281072.00,48718616.00,48281072,437544
1705270848.979234,s3-eth1,6034957.00,54800.00,6089757.00,54800,6034957,827.00,829.00,1656.00,829,827,0.00,0.00,0,0,48279656.00,438400.00,48718056.00,438400,48279656
1705270848.979291,s2-eth2,54800.00,6034957.00,6089757.00,6034957,54800,829.00,827.00,1656.00,827,829,0.00,0.00,0,0,438400.00,48279656.00,48718056.00,48279656,438400
1705270848.979305,s3-eth2,54935.00,6034756.00,6089691.00,6034756,54935,829.00,826.00,1655.00,826,829,0.00,0.00,0,0,439480.00,48278048.00,48717528.00,48278048,439480
1705270848.979327,total,18274030.00,18273126.00,36547156.00,18273126,18274030,5003.00,4996.00,9999.00,4996,5003,0.00,0.00,0,0,146192240.00,146185008.00,292377248.00,146185008,146192240
1705270849.979638,lo,4862.00,4862.00,9724.00,4862,4862,32.00,32.00,64.00,32,32,0.00,0.00,0,0,38896.00,38896.00,77792.00,38896,38896
1705270849.979663,ens33,0.00,0.00,0.00,0,0,0.00,0.00,0.00,0,0,0.00,0.00,0,0,0.00,0.00,0.00,0,0
1705270849.979675,s1-eth1,6043139.00,67122.00,6110261.00,67122,6043139,1036.00,1017.00,2053.00,1017,1036,0.00,0.00,0,0,48345112.00,536976.00,48882088.00,536976,48345112
1705270849.979693,s2-eth1,6050706.00,67063.00,6117769.00,67063,6050706,1043.00,1014.00,2057.00,1014,1043,0.00,0.00,0,0,48405648.00,536504.00,48942152.00,536504,48405648
1705270849.979708,s1-eth2,67063.00,6050706.00,6117769.00,6050706,67063,1014.00,1043.00,2057.00,1043,1014,0.00,0.00,0,0,536504.00,48405648.00,48942152.00,48405648,536504
1705270849.979720,s3-eth1,6046491.00,66938.00,6113429.00,66938,6046491,1047.00,1010.00,2057.00,1010,1047,0.00,0.00,0,0,48371928.00,535504.00,48907432.00,535504,48371928
1705270849.979885,s2-eth2,66938.00,6046491.00,6113429.00,6046491,66938,1010.00,1047.00,2057.00,1047,1010,0.00,0.00,0,0,535504.00,48371928.00,48907432.00,48371928,535504
1705270849.979903,s3-eth2,66715.00,6049606.00,6116321.00,6049606,66715,1006.00,1051.00,2057.00,1051,1006,0.00,0.00,0,0,533720.00,48396848.00,48930568.00,48396848,533720
1705270849.979926,total,18345914.00,18352788.00,36698704.00,18352788,18345914,6188.00,6214.00,12402.00,6214,6188,0.00,0.00,0,0,146767312.00,146822304.00,293589632.00,146822304,146767312
1705270850.980203,lo,2214.00,2214.00,4428.00,2214,2214,15.00,15.00,30.00,15,15,0.00,0.00,0,0,17712.00,17712.00,35424.00,17712,17712
1705270850.980239,ens33,0.00,0.00,0.00,0,0,0.00,0.00,0.00,0,0,0.00,0.00,0,0,0.00,0.00,0.00,0,0
1705270850.980252,s1-eth1,6057723.00,69102.00,6126825.00,69102,6057723,1128.00,1047.00,2175.00,1047,1128,0.00,0.00,0,0,48461784.00,552816.00,49014600.00,552816,48461784
1705270850.980266,s2-eth1,6051601.00,69234.00,6120835.00,69234,6051601,1123.00,1049.00,2172.00,1049,1123,0.00,0.00,0,0,48412808.00,553872.00,48966680.00,553872,48412808
1705270850.980278,s1-eth2,69234.00,6051601.00,6120835.00,6051601,69234,1049.00,1123.00,2172.00,1123,1049,0.00,0.00,0,0,553872.00,48412808.00,48966680.00,48412808,553872
1705270850.980291,s3-eth1,6055813.00,69498.00,6125311.00,69498,6055813,1121.00,1053.00,2174.00,1053,1121,0.00,0.00,0,0,48446504.00,555984.00,49002488.00,555984,48446504
1705270850.980348,s2-eth2,69498.00,6055813.00,6125311.00,6055813,69498,1053.00,1121.00,2174.00,1121,1053,0.00,0.00,0,0,555984.00,48446504.00,49002488.00,48446504,555984
1705270850.980361,s3-eth2,70033.00,6059824.00,6129857.00,6059824,70033,1059.00,1118.00,2177.00,1118,1059,0.00,0.00,0,0,560264.00,48478592.00,49038856.00,48478592,560264
1705270850.980383,total,18376116.00,18377286.00,36753400.00,18377286,18376116,6548.00,6526.00,13074.00,6526,6548,0.00,0.00,0,0,147008928.00,147018288.00,294027200.00,147018288,147008928
1705270851.980721,lo,0.00,0.00,0.00,0,0,0.00,0.00,0.00,0,0,0.00,0.00,0,0,0.00,0.00,0.00,0,0
1705270851.980783,ens33,0.00,0.00,0.00,0,0,0.00,0.00,0.00,0,0,0.00,0.00,0,0,0.00,0.00,0.00,0,0
1705270851.980799,s1-eth1,6044152.00,66726.00,6110878.00,66726,6044152,1100.00,1011.00,2111.00,1011,1100,0.00,0.00,0,0,48353216.00,533808.00,48887024.00,533808,48353216
1705270851.980820,s2-eth1,6050010.00,66792.00,6116802.00,66792,6050010,1101.00,1012.00,2113.00,1012,1101,0.00,0.00,0,0,48400080.00,534336.00,48934416.00,534336,48400080
1705270851.980833,s1-eth2,66792.00,6050010.00,6116802.00,6050010,66792,1012.00,1101.00,2113.00,1101,1012,0.00,0.00,0,0,534336.00,48400080.00,48934416.00,48400080,534336
1705270851.980845,s3-eth1,6050010.00,66792.00,6116802.00,66792,6050010,1101.00,1012.00,2113.00,1012,1101,0.00,0.00,0,0,48400080.00,534336.00,48934416.00,534336,48400080
1705270851.980904,s2-eth2,66792.00,6050010.00,6116802.00,6050010,66792,1012.00,1101.00,2113.00,1101,1012,0.00,0.00,0,0,534336.00,48400080.00,48934416.00,48400080,534336
1705270851.980917,s3-eth2,66792.00,6050010.00,6116802.00,6050010,66792,1012.00,1101.00,2113.00,1101,1012,0.00,0.00,0,0,534336.00,48400080.00,48934416.00,48400080,534336
1705270851.980939,total,18344548.00,18350340.00,36694888.00,18350340,18344548,6338.00,6338.00,12676.00,6338,6338,0.00,0.00,0,0,146756384.00,146802720.00,293559104.00,146802720,146756384
1705270852.981351,lo,1648.00,1648.00,3296.00,1648,1648,12.00,12.00,24.00,12,12,0.00,0.00,0,0,13184.00,13184.00,26368.00,13184,13184
1705270852.981419,ens33,153.00,153.00,306.00,153,153,2.00,2.00,4.00,2,2,0.00,0.00,0,0,1224.00,1224.00,2448.00,1224,1224
1705270852.981433,s1-eth1,6056082.00,66990.00,6123072.00,66990,6056082,1104.00,1015.00,2119.00,1015,1104,0.00,0.00,0,0,48448656.00,535920.00,48984576.00,535920,48448656
1705270852.981447,s2-eth1,6055975.00,67097.00,6123072.00,67097,6055975,1103.00,1016.00,2119.00,1016,1103,0.00,0.00,0,0,48447800.00,536776.00,48984576.00,536776,48447800
1705270852.981460,s1-eth2,67097.00,6055975.00,6123072.00,6055975,67097,1016.00,1103.00,2119.00,1103,1016,0.00,0.00,0,0,536776.00,48447800.00,48984576.00,48447800,536776
1705270852.981510,s3-eth1,6055868.00,67138.00,6123006.00,67138,6055868,1102.00,1016.00,2118.00,1016,1102,0.00,0.00,0,0,48446944.00,537104.00,48984048.00,537104,48446944
1705270852.981574,s2-eth2,67138.00,6055868.00,6123006.00,6055868,67138,1016.00,1102.00,2118.00,1102,1016,0.00,0.00,0,0,537104.00,48446944.00,48984048.00,48446944,537104
1705270852.981589,s3-eth2,67138.00,6055868.00,6123006.00,6055868,67138,1016.00,1102.00,2118.00,1102,1016,0.00,0.00,0,0,537104.00,48446944.00,48984048.00,48446944,537104
1705270852.981700,total,18371100.00,18370736.00,36741836.00,18370737,18371099,6371.00,6368.00,12739.00,6368,6371,0.00,0.00,0,0,146968800.00,146965888.00,293934688.00,146965896,146968792
1705270853.982068,lo,824.00,824.00,1648.00,824,824,6.00,6.00,12.00,6,6,0.00,0.00,0,0,6592.00,6592.00,13184.00,6592,6592
1705270853.982099,ens33,0.00,0.00,0.00,0,0,0.00,0.00,0.00,0,0,0.00,0.00,0,0,0.00,0.00,0.00,0,0
1705270853.982113,s1-eth1,6054461.00,66792.00,6121253.00,66792,6054461,1102.00,1012.00,2114.00,1012,1102,0.00,0.00,0,0,48435688.00,534336.00,48970024.00,534336,48435688
1705270853.982128,s2-eth1,6054461.00,66726.00,6121187.00,66726,6054461,1102.00,1011.00,2113.00,1011,1102,0.00,0.00,0,0,48435688.00,533808.00,48969496.00,533808,48435688
1705270853.982142,s1-eth2,66726.00,6054461.00,6121187.00,6054461,66726,1011.00,1102.00,2113.00,1102,1011,0.00,0.00,0,0,533808.00,48435688.00,48969496.00,48435688,533808
1705270853.982156,s3-eth1,6054461.00,66792.00,6121253.00,66792,6054461,1102.00,1012.00,2114.00,1012,1102,0.00,0.00,0,0,48435688.00,534336.00,48970024.00,534336,48435688
1705270853.982218,s2-eth2,66792.00,6054461.00,6121253.00,6054461,66792,1012.00,1102.00,2114.00,1102,1012,0.00,0.00,0,0,534336.00,48435688.00,48970024.00,48435688,534336
1705270853.982233,s3-eth2,66899.00,6048496.00,6115395.00,6048496,66899,1013.00,1100.00,2113.00,1100,1013,0.00,0.00,0,0,535192.00,48387968.00,48923160.00,48387968,535192
1705270853.982257,total,18364624.00,18358552.00,36723176.00,18358552,18364624,6348.00,6345.00,12693.00,6345,6348,0.00,0.00,0,0,146916992.00,146868416.00,293785408.00,146868416,146916992
1705270854.982556,lo,0.00,0.00,0.00,0,0,0.00,0.00,0.00,0,0,0.00,0.00,0,0,0.00,0.00,0.00,0,0
1705270854.982600,ens33,0.00,0.00,0.00,0,0,0.00,0.00,0.00,0,0,0.00,0.00,0,0,0.00,0.00,0.00,0,0
1705270854.982614,s1-eth1,6050010.00,66858.00,6116868.00,66858,6050010,1101.00,1013.00,2114.00,1013,1101,0.00,0.00,0,0,48400080.00,534864.00,48934944.00,534864,48400080
1705270854.982629,s2-eth1,6050010.00,66924.00,6116934.00,66924,6050010,1101.00,1014.00,2115.00,1014,1101,0.00,0.00,0,0,48400080.00,535392.00,48935472.00,535392,48400080
1705270854.982642,s1-eth2,66924.00,6050010.00,6116934.00,6050010,66924,1014.00,1101.00,2115.00,1101,1014,0.00,0.00,0,0,535392.00,48400080.00,48935472.00,48400080,535392
1705270854.982656,s3-eth1,6050010.00,66924.00,6116934.00,66924,6050010,1101.00,1014.00,2115.00,1014,1101,0.00,0.00,0,0,48400080.00,535392.00,48935472.00,535392,48400080
1705270854.982744,s2-eth2,66924.00,6050010.00,6116934.00,6050010,66924,1014.00,1101.00,2115.00,1101,1014,0.00,0.00,0,0,535392.00,48400080.00,48935472.00,48400080,535392
1705270854.982799,s3-eth2,66924.00,6055868.00,6122792.00,6055868,66924,1014.00,1102.00,2116.00,1102,1014,0.00,0.00,0,0,535392.00,48446944.00,48982336.00,48446944,535392
1705270854.982833,total,18350802.00,18356594.00,36707396.00,18356594,18350802,6345.00,6345.00,12690.00,6345,6345,0.00,0.00,0,0,146806416.00,146852752.00,293659168.00,146852752,146806416
1705270855.983138,lo,0.00,0.00,0.00,0,0,0.00,0.00,0.00,0,0,0.00,0.00,0,0,0.00,0.00,0.00,0,0
1705270855.983218,ens33,0.00,0.00,0.00,0,0,0.00,0.00,0.00,0,0,0.00,0.00,0,0,0.00,0.00,0.00,0,0
1705270855.983235,s1-eth1,6055868.00,66858.00,6122726.00,66858,6055868,1102.00,1013.00,2115.00,1013,1102,0.00,0.00,0,0,48446944.00,534864.00,48981808.00,534864,48446944
1705270855.983324,s2-eth1,6055868.00,66858.00,6122726.00,66858,6055868,1102.00,1013.00,2115.00,1013,1102,0.00,0.00,0,0,48446944.00,534864.00,48981808.00,534864,48446944
1705270855.983338,s1-eth2,66858.00,6055868.00,6122726.00,6055868,66858,1013.00,1102.00,2115.00,1102,1013,0.00,0.00,0,0,534864.00,48446944.00,48981808.00,48446944,534864
1705270855.983352,s3-eth1,6050010.00,66792.00,6116802.00,66792,6050010,1101.00,1012.00,2113.00,1012,1101,0.00,0.00,0,0,48400080.00,534336.00,48934416.00,534336,48400080
1705270855.983449,s2-eth2,66792.00,6050010.00,6116802.00,6050010,66792,1012.00,1101.00,2113.00,1101,1012,0.00,0.00,0,0,534336.00,48400080.00,48934416.00,48400080,534336
1705270855.983466,s3-eth2,66858.00,6050010.00,6116868.00,6050010,66858,1013.00,1101.00,2114.00,1101,1013,0.00,0.00,0,0,534864.00,48400080.00,48934944.00,48400080,534864
1705270855.983489,total,18362254.00,18356396.00,36718648.00,18356396,18362254,6343.00,6342.00,12685.00,6342,6343,0.00,0.00,0,0,146898032.00,146851168.00,293749184.00,146851168,146898032
1705270856.984062,lo,1352.00,1352.00,2704.00,1352,1352,12.00,12.00,24.00,12,12,0.00,0.00,0,0,10816.00,10816.00,21632.00,10816,10816
1705270856.984093,ens33,120.00,0.00,120.00,0,120,2.00,0.00,2.00,0,2,0.00,0.00,0,0,960.00,0.00,960.00,0,960
1705270856.984106,s1-eth1,6055938.00,66928.00,6122866.00,66928,6055938,1103.00,1014.00,2117.00,1014,1103,0.00,0.00,0,0,48447504.00,535424.00,48982928.00,535424,48447504
1705270856.984120,s2-eth1,6050080.00,66862.00,6116942.00,66862,6050080,1102.00,1013.00,2115.00,1013,1102,0.00,0.00,0,0,48400640.00,534896.00,48935536.00,534896,48400640
1705270856.984181,s1-eth2,66928.00,6050080.00,6117008.00,6050080,66928,1014.00,1102.00,2116.00,1102,1014,0.00,0.00,0,0,535424.00,48400640.00,48936064.00,48400640,535424
1705270856.984204,s3-eth1,6055868.00,66928.00,6122796.00,66928,6055868,1102.00,1014.00,2116.00,1014,1102,0.00,0.00,0,0,48446944.00,535424.00,48982368.00,535424,48446944
1705270856.984265,s2-eth2,66928.00,6055868.00,6122796.00,6055868,66928,1014.00,1102.00,2116.00,1102,1014,0.00,0.00,0,0,535424.00,48446944.00,48982368.00,48446944,535424
1705270856.984279,s3-eth2,66928.00,6055868.00,6122796.00,6055868,66928,1014.00,1102.00,2116.00,1102,1014,0.00,0.00,0,0,535424.00,48446944.00,48982368.00,48446944,535424
1705270856.984302,total,18364142.00,18363886.00,36728028.00,18363886,18364142,6363.00,6359.00,12722.00,6359,6363,0.00,0.00,0,0,146913136.00,146911088.00,293824224.00,146911088,146913136
1705270857.984662,lo,1014.00,1014.00,2028.00,1014,1014,9.00,9.00,18.00,9,9,0.00,0.00,0,0,8112.00,8112.00,16224.00,8112,8112
1705270857.984704,ens33,120.00,120.00,240.00,120,120,2.00,2.00,4.00,2,2,0.00,0.00,0,0,960.00,960.00,1920.00,960,960
1705270857.984720,s1-eth1,6047188.00,67014.00,6114202.00,67014,6047188,1102.00,1015.00,2117.00,1015,1102,0.00,0.00,0,0,48377504.00,536112.00,48913616.00,536112,48377504
1705270857.984734,s2-eth1,6052976.00,67080.00,6120056.00,67080,6052976,1102.00,1016.00,2118.00,1016,1102,0.00,0.00,0,0,48423808.00,536640.00,48960448.00,536640,48423808
1705270857.984748,s1-eth2,67014.00,6052976.00,6119990.00,6052976,67014,1015.00,1102.00,2117.00,1102,1015,0.00,0.00,0,0,536112.00,48423808.00,48959920.00,48423808,536112
1705270857.984761,s3-eth1,6052976.00,67150.00,6120126.00,67150,6052976,1102.00,1017.00,2119.00,1017,1102,0.00,0.00,0,0,48423808.00,537200.00,48961008.00,537200,48423808
1705270857.984821,s2-eth2,67150.00,6052976.00,6120126.00,6052976,67150,1017.00,1102.00,2119.00,1102,1017,0.00,0.00,0,0,537200.00,48423808.00,48961008.00,48423808,537200
1705270857.984835,s3-eth2,67154.00,6052906.00,6120060.00,6052906,67154,1017.00,1101.00,2118.00,1101,1017,0.00,0.00,0,0,537232.00,48423248.00,48960480.00,48423248,537232
1705270857.984858,total,18355592.00,18361236.00,36716828.00,18361236,18355592,6366.00,6364.00,12730.00,6364,6366,0.00,0.00,0,0,146844736.00,146889888.00,293734624.00,146889888,146844736
1705270858.985293,lo,676.00,676.00,1352.00,676,676,6.00,6.00,12.00,6,6,0.00,0.00,0,0,5408.00,5408.00,10816.00,5408,5408
1705270858.985434,ens33,153.00,153.00,306.00,153,153,2.00,2.00,4.00,2,2,0.00,0.00,0,0,1224.00,1224.00,2448.00,1224,1224
1705270858.985461,s1-eth1,6050010.00,66924.00,6116934.00,66924,6050010,1101.00,1014.00,2115.00,1014,1101,0.00,0.00,0,0,48400080.00,535392.00,48935472.00,535392,48400080
1705270858.985476,s2-eth1,6050010.00,66994.00,6117004.00,66994,6050010,1101.00,1015.00,2116.00,1015,1101,0.00,0.00,0,0,48400080.00,535952.00,48936032.00,535952,48400080
1705270858.985532,s1-eth2,66994.00,6050010.00,6117004.00,6050010,66994,1015.00,1101.00,2116.00,1101,1015,0.00,0.00,0,0,535952.00,48400080.00,48936032.00,48400080,535952
1705270858.985550,s3-eth1,6050010.00,66994.00,6117004.00,66994,6050010,1101.00,1015.00,2116.00,1015,1101,0.00,0.00,0,0,48400080.00,535952.00,48936032.00,535952,48400080
1705270858.985611,s2-eth2,66994.00,6050010.00,6117004.00,6050010,66994,1015.00,1101.00,2116.00,1101,1015,0.00,0.00,0,0,535952.00,48400080.00,48936032.00,48400080,535952
1705270858.985625,s3-eth2,66994.00,6055868.00,6122862.00,6055868,66994,1015.00,1102.00,2117.00,1102,1015,0.00,0.00,0,0,535952.00,48446944.00,48982896.00,48446944,535952
1705270858.985649,total,18351840.00,18357628.00,36709472.00,18357629,18351841,6356.00,6356.00,12712.00,6356,6356,0.00,0.00,0,0,146814720.00,146861024.00,293675776.00,146861032,146814728
1705270859.985998,lo,1014.00,1014.00,2028.00,1014,1014,9.00,9.00,18.00,9,9,0.00,0.00,0,0,8112.00,8112.00,16224.00,8112,8112
1705270859.986026,ens33,0.00,0.00,0.00,0,0,0.00,0.00,0.00,0,0,0.00,0.00,0,0,0.00,0.00,0.00,0,0
1705270859.986039,s1-eth1,6050080.00,66726.00,6116806.00,66726,6050080,1102.00,1011.00,2113.00,1011,1102,0.00,0.00,0,0,48400640.00,533808.00,48934448.00,533808,48400640
1705270859.986053,s2-eth1,6050080.00,66726.00,6116806.00,66726,6050080,1102.00,1011.00,2113.00,1011,1102,0.00,0.00,0,0,48400640.00,533808.00,48934448.00,533808,48400640
1705270859.986067,s1-eth2,66726.00,6050080.00,6116806.00,6050080,66726,1011.00,1102.00,2113.00,1102,1011,0.00,0.00,0,0,533808.00,48400640.00,48934448.00,48400640,533808
1705270859.986080,s3-eth1,6050080.00,66726.00,6116806.00,66726,6050080,1102.00,1011.00,2113.00,1011,1102,0.00,0.00,0,0,48400640.00,533808.00,48934448.00,533808,48400640
1705270859.986152,s2-eth2,66726.00,6050080.00,6116806.00,6050080,66726,1011.00,1102.00,2113.00,1102,1011,0.00,0.00,0,0,533808.00,48400640.00,48934448.00,48400640,533808
1705270859.986167,s3-eth2,66726.00,6050080.00,6116806.00,6050080,66726,1011.00,1102.00,2113.00,1102,1011,0.00,0.00,0,0,533808.00,48400640.00,48934448.00,48400640,533808
1705270859.986203,total,18351432.00,18351432.00,36702864.00,18351432,18351432,6348.00,6348.00,12696.00,6348,6348,0.00,0.00,0,0,146811456.00,146811456.00,293622912.00,146811456,146811456
1705270860.986554,lo,1648.00,1648.00,3296.00,1648,1648,12.00,12.00,24.00,12,12,0.00,0.00,0,0,13184.00,13184.00,26368.00,13184,13184
1705270860.986593,ens33,0.00,0.00,0.00,0,0,0.00,0.00,0.00,0,0,0.00,0.00,0,0,0.00,0.00,0.00,0,0
1705270860.986607,s1-eth1,6056082.00,66990.00,6123072.00,66990,6056082,1104.00,1015.00,2119.00,1015,1104,0.00,0.00,0,0,48448656.00,535920.00,48984576.00,535920,48448656
1705270860.986620,s2-eth1,6055975.00,67097.00,6123072.00,67097,6055975,1103.00,1016.00,2119.00,1016,1103,0.00,0.00,0,0,48447800.00,536776.00,48984576.00,536776,48447800
1705270860.986632,s1-eth2,67097.00,6055975.00,6123072.00,6055975,67097,1016.00,1103.00,2119.00,1103,1016,0.00,0.00,0,0,536776.00,48447800.00,48984576.00,48447800,536776
1705270860.986645,s3-eth1,6055868.00,67138.00,6123006.00,67138,6055868,1102.00,1016.00,2118.00,1016,1102,0.00,0.00,0,0,48446944.00,537104.00,48984048.00,537104,48446944
1705270860.986702,s2-eth2,67138.00,6055868.00,6123006.00,6055868,67138,1016.00,1102.00,2118.00,1102,1016,0.00,0.00,0,0,537104.00,48446944.00,48984048.00,48446944,537104
1705270860.986716,s3-eth2,67138.00,6050010.00,6117148.00,6050010,67138,1016.00,1101.00,2117.00,1101,1016,0.00,0.00,0,0,537104.00,48400080.00,48937184.00,48400080,537104
1705270860.986737,total,18370946.00,18364726.00,36735672.00,18364726,18370946,6369.00,6365.00,12734.00,6365,6369,0.00,0.00,0,0,146967568.00,146917808.00,293885376.00,146917808,146967568
1705270861.987208,lo,824.00,824.00,1648.00,824,824,6.00,6.00,12.00,6,6,0.00,0.00,0,0,6592.00,6592.00,13184.00,6592,6592
1705270861.987252,ens33,1096.00,2002.00,3098.00,2002,1096,14.00,14.00,28.00,14,14,0.00,0.00,0,0,8768.00,16016.00,24784.00,16016,8768
1705270861.987269,s1-eth1,6054461.00,66726.00,6121187.00,66726,6054461,1102.00,1011.00,2113.00,1011,1102,0.00,0.00,0,0,48435688.00,533808.00,48969496.00,533808,48435688
1705270861.987282,s2-eth1,6054461.00,66726.00,6121187.00,66726,6054461,1102.00,1011.00,2113.00,1011,1102,0.00,0.00,0,0,48435688.00,533808.00,48969496.00,533808,48435688
1705270861.987295,s1-eth2,66726.00,6054461.00,6121187.00,6054461,66726,1011.00,1102.00,2113.00,1102,1011,0.00,0.00,0,0,533808.00,48435688.00,48969496.00,48435688,533808
1705270861.987308,s3-eth1,6054461.00,66792.00,6121253.00,66792,6054461,1102.00,1012.00,2114.00,1012,1102,0.00,0.00,0,0,48435688.00,534336.00,48970024.00,534336,48435688
1705270861.987369,s2-eth2,66792.00,6054461.00,6121253.00,6054461,66792,1012.00,1102.00,2114.00,1102,1012,0.00,0.00,0,0,534336.00,48435688.00,48970024.00,48435688,534336
1705270861.987383,s3-eth2,66899.00,6054354.00,6121253.00,6054354,66899,1013.00,1101.00,2114.00,1101,1013,0.00,0.00,0,0,535192.00,48434832.00,48970024.00,48434832,535192
1705270861.987415,total,18365720.00,18366346.00,36732064.00,18366346,18365720,6362.00,6359.00,12721.00,6359,6362,0.00,0.00,0,0,146925760.00,146930768.00,293856512.00,146930768,146925760
1705270862.987814,lo,0.00,0.00,0.00,0,0,0.00,0.00,0.00,0,0,0.00,0.00,0,0,0.00,0.00,0.00,0,0
1705270862.987861,ens33,0.00,0.00,0.00,0,0,0.00,0.00,0.00,0,0,0.00,0.00,0,0,0.00,0.00,0.00,0,0
1705270862.987875,s1-eth1,6044152.00,66726.00,6110878.00,66726,6044152,1100.00,1011.00,2111.00,1011,1100,0.00,0.00,0,0,48353216.00,533808.00,48887024.00,533808,48353216
1705270862.987903,s2-eth1,6044152.00,66726.00,6110878.00,66726,6044152,1100.00,1011.00,2111.00,1011,1100,0.00,0.00,0,0,48353216.00,533808.00,48887024.00,533808,48353216
1705270862.987916,s1-eth2,66726.00,6044152.00,6110878.00,6044152,66726,1011.00,1100.00,2111.00,1100,1011,0.00,0.00,0,0,533808.00,48353216.00,48887024.00,48353216,533808
1705270862.987929,s3-eth1,6044152.00,66726.00,6110878.00,66726,6044152,1100.00,1011.00,2111.00,1011,1100,0.00,0.00,0,0,48353216.00,533808.00,48887024.00,533808,48353216
1705270862.988014,s2-eth2,66726.00,6044152.00,6110878.00,6044152,66726,1011.00,1100.00,2111.00,1100,1011,0.00,0.00,0,0,533808.00,48353216.00,48887024.00,48353216,533808
1705270862.988067,s3-eth2,66726.00,6044152.00,6110878.00,6044152,66726,1011.00,1100.00,2111.00,1100,1011,0.00,0.00,0,0,533808.00,48353216.00,48887024.00,48353216,533808
1705270862.988103,total,18332634.00,18332634.00,36665268.00,18332634,18332634,6333.00,6333.00,12666.00,6333,6333,0.00,0.00,0,0,146661072.00,146661072.00,293322144.00,146661072,146661072
1705270863.988429,lo,0.00,0.00,0.00,0,0,0.00,0.00,0.00,0,0,0.00,0.00,0,0,0.00,0.00,0.00,0,0
1705270863.988452,ens33,0.00,0.00,0.00,0,0,0.00,0.00,0.00,0,0,0.00,0.00,0,0,0.00,0.00,0.00,0,0
1705270863.988464,s1-eth1,6055868.00,66924.00,6122792.00,66924,6055868,1102.00,1014.00,2116.00,1014,1102,0.00,0.00,0,0,48446944.00,535392.00,48982336.00,535392,48446944
1705270863.988478,s2-eth1,6055868.00,66858.00,6122726.00,66858,6055868,1102.00,1013.00,2115.00,1013,1102,0.00,0.00,0,0,48446944.00,534864.00,48981808.00,534864,48446944
1705270863.988490,s1-eth2,66924.00,6055868.00,6122792.00,6055868,66924,1014.00,1102.00,2116.00,1102,1014,0.00,0.00,0,0,535392.00,48446944.00,48982336.00,48446944,535392
1705270863.988503,s3-eth1,6055868.00,66858.00,6122726.00,66858,6055868,1102.00,1013.00,2115.00,1013,1102,0.00,0.00,0,0,48446944.00,534864.00,48981808.00,534864,48446944
1705270863.988562,s2-eth2,66858.00,6055868.00,6122726.00,6055868,66858,1013.00,1102.00,2115.00,1102,1013,0.00,0.00,0,0,534864.00,48446944.00,48981808.00,48446944,534864
1705270863.988585,s3-eth2,66858.00,6055868.00,6122726.00,6055868,66858,1013.00,1102.00,2115.00,1102,1013,0.00,0.00,0,0,534864.00,48446944.00,48981808.00,48446944,534864
1705270863.988608,total,18368244.00,18368244.00,36736488.00,18368244,18368244,6346.00,6346.00,12692.00,6346,6346,0.00,0.00,0,0,146945952.00,146945952.00,293891904.00,146945952,146945952
1705270864.988953,lo,0.00,0.00,0.00,0,0,0.00,0.00,0.00,0,0,0.00,0.00,0,0,0.00,0.00,0.00,0,0
1705270864.989094,ens33,153.00,153.00,306.00,153,153,2.00,2.00,4.00,2,2,0.00,0.00,0,0,1224.00,1224.00,2448.00,1224,1224
1705270864.989112,s1-eth1,6050010.00,66990.00,6117000.00,66990,6050010,1101.00,1015.00,2116.00,1015,1101,0.00,0.00,0,0,48400080.00,535920.00,48936000.00,535920,48400080
1705270864.989164,s2-eth1,6050010.00,67056.00,6117066.00,67056,6050010,1101.00,1016.00,2117.00,1016,1101,0.00,0.00,0,0,48400080.00,536448.00,48936528.00,536448,48400080
1705270864.989182,s1-eth2,66990.00,6050010.00,6117000.00,6050010,66990,1015.00,1101.00,2116.00,1101,1015,0.00,0.00,0,0,535920.00,48400080.00,48936000.00,48400080,535920
1705270864.989196,s3-eth1,6050010.00,67056.00,6117066.00,67056,6050010,1101.00,1016.00,2117.00,1016,1101,0.00,0.00,0,0,48400080.00,536448.00,48936528.00,536448,48400080
1705270864.989299,s2-eth2,67056.00,6050010.00,6117066.00,6050010,67056,1016.00,1101.00,2117.00,1101,1016,0.00,0.00,0,0,536448.00,48400080.00,48936528.00,48400080,536448
1705270864.989329,s3-eth2,67056.00,6055868.00,6122924.00,6055868,67056,1016.00,1102.00,2118.00,1102,1016,0.00,0.00,0,0,536448.00,48446944.00,48983392.00,48446944,536448
1705270864.989357,total,18351284.00,18357144.00,36708428.00,18357143,18351285,6352.00,6353.00,12705.00,6353,6352,0.00,0.00,0,0,146810272.00,146857152.00,293667424.00,146857144,146810280
1705270865.989649,lo,172.00,172.00,344.00,172,172,3.00,3.00,6.00,3,3,0.00,0.00,0,0,1376.00,1376.00,2752.00,1376,1376
1705270865.989688,ens33,0.00,0.00,0.00,0,0,0.00,0.00,0.00,0,0,0.00,0.00,0,0,0.00,0.00,0.00,0,0
1705270865.989702,s1-eth1,6054354.00,67188.00,6121542.00,67188,6054354,1101.00,1018.00,2119.00,1018,1101,0.00,0.00,0,0,48434832.00,537504.00,48972336.00,537504,48434832
1705270865.989717,s2-eth1,6054354.00,67188.00,6121542.00,67188,6054354,1101.00,1018.00,2119.00,1018,1101,0.00,0.00,0,0,48434832.00,537504.00,48972336.00,537504,48434832
1705270865.989738,s1-eth2,67188.00,6054354.00,6121542.00,6054354,67188,1018.00,1101.00,2119.00,1101,1018,0.00,0.00,0,0,537504.00,48434832.00,48972336.00,48434832,537504
1705270865.989753,s3-eth1,6054354.00,67188.00,6121542.00,67188,6054354,1101.00,1018.00,2119.00,1018,1101,0.00,0.00,0,0,48434832.00,537504.00,48972336.00,537504,48434832
1705270865.989820,s2-eth2,67188.00,6054354.00,6121542.00,6054354,67188,1018.00,1101.00,2119.00,1101,1018,0.00,0.00,0,0,537504.00,48434832.00,48972336.00,48434832,537504
1705270865.989835,s3-eth2,67188.00,6050010.00,6117198.00,6050010,67188,1018.00,1101.00,2119.00,1101,1018,0.00,0.00,0,0,537504.00,48400080.00,48937584.00,48400080,537504
1705270865.989858,total,18364798.00,18360454.00,36725252.00,18360454,18364798,6360.00,6360.00,12720.00,6360,6360,0.00,0.00,0,0,146918384.00,146883632.00,293802016.00,146883632,146918384
1705270866.990132,lo,344.00,344.00,688.00,344,344,6.00,6.00,12.00,6,6,0.00,0.00,0,0,2752.00,2752.00,5504.00,2752,2752
1705270866.990167,ens33,0.00,0.00,0.00,0,0,0.00,0.00,0.00,0,0,0.00,0.00,0,0,0.00,0.00,0.00,0,0
1705270866.990181,s1-eth1,6057188.00,68508.00,6125696.00,68508,6057188,1122.00,1038.00,2160.00,1038,1122,0.00,0.00,0,0,48457504.00,548064.00,49005568.00,548064,48457504
1705270866.990195,s2-eth1,6054490.00,68244.00,6122734.00,68244,6054490,1125.00,1034.00,2159.00,1034,1125,0.00,0.00,0,0,48435920.00,545952.00,48981872.00,545952,48435920
1705270866.990208,s1-eth2,68244.00,6054490.00,6122734.00,6054490,68244,1034.00,1125.00,2159.00,1125,1034,0.00,0.00,0,0,545952.00,48435920.00,48981872.00,48435920,545952
1705270866.990220,s3-eth1,6057650.00,67980.00,6125630.00,67980,6057650,1129.00,1030.00,2159.00,1030,1129,0.00,0.00,0,0,48461200.00,543840.00,49005040.00,543840,48461200
1705270866.990278,s2-eth2,67980.00,6057650.00,6125630.00,6057650,67980,1030.00,1129.00,2159.00,1129,1030,0.00,0.00,0,0,543840.00,48461200.00,49005040.00,48461200,543840
1705270866.990292,s3-eth2,67782.00,6056334.00,6124116.00,6056334,67782,1027.00,1131.00,2158.00,1131,1027,0.00,0.00,0,0,542256.00,48450672.00,48992928.00,48450672,542256
1705270866.990315,total,18373678.00,18373550.00,36747228.00,18373550,18373678,6473.00,6493.00,12966.00,6493,6473,0.00,0.00,0,0,146989424.00,146988400.00,293977824.00,146988400,146989424
1705270867.990646,lo,0.00,0.00,0.00,0,0,0.00,0.00,0.00,0,0,0.00,0.00,0,0,0.00,0.00,0.00,0,0
1705270867.990672,ens33,120.00,120.00,240.00,120,120,2.00,2.00,4.00,2,2,0.00,0.00,0,0,960.00,960.00,1920.00,960,960
1705270867.990694,s1-eth1,6046066.00,69432.00,6115498.00,69432,6046066,1129.00,1052.00,2181.00,1052,1129,0.00,0.00,0,0,48368528.00,555456.00,48923984.00,555456,48368528
1705270867.990711,s2-eth1,6048764.00,69564.00,6118328.00,69564,6048764,1126.00,1054.00,2180.00,1054,1126,0.00,0.00,0,0,48390112.00,556512.00,48946624.00,556512,48390112
1705270867.990750,s1-eth2,69564.00,6048764.00,6118328.00,6048764,69564,1054.00,1126.00,2180.00,1126,1054,0.00,0.00,0,0,556512.00,48390112.00,48946624.00,48390112,556512
1705270867.990765,s3-eth1,6045604.00,69828.00,6115432.00,69828,6045604,1122.00,1058.00,2180.00,1058,1122,0.00,0.00,0,0,48364832.00,558624.00,48923456.00,558624,48364832
1705270867.990825,s2-eth2,69828.00,6045604.00,6115432.00,6045604,69828,1058.00,1122.00,2180.00,1122,1058,0.00,0.00,0,0,558624.00,48364832.00,48923456.00,48364832,558624
1705270867.990840,s3-eth2,70026.00,6045406.00,6115432.00,6045406,70026,1061.00,1119.00,2180.00,1119,1061,0.00,0.00,0,0,560208.00,48363248.00,48923456.00,48363248,560208
1705270867.990863,total,18349972.00,18348718.00,36698688.00,18348718,18349972,6552.00,6533.00,13085.00,6533,6552,0.00,0.00,0,0,146799776.00,146789744.00,293589504.00,146789744,146799776
1705270868.991102,lo,0.00,0.00,0.00,0,0,0.00,0.00,0.00,0,0,0.00,0.00,0,0,0.00,0.00,0.00,0,0
1705270868.991144,ens33,0.00,810.00,810.00,810,0,0.00,2.00,2.00,2,0,0.00,0.00,0,0,0.00,6480.00,6480.00,6480,0
1705270868.991159,s1-eth1,6050010.00,66660.00,6116670.00,66660,6050010,1101.00,1010.00,2111.00,1010,1101,0.00,0.00,0,0,48400080.00,533280.00,48933360.00,533280,48400080
1705270868.991173,s2-eth1,6050010.00,66792.00,6116802.00,66792,6050010,1101.00,1012.00,2113.00,1012,1101,0.00,0.00,0,0,48400080.00,534336.00,48934416.00,534336,48400080
1705270868.991186,s1-eth2,66792.00,6050010.00,6116802.00,6050010,66792,1012.00,1101.00,2113.00,1101,1012,0.00,0.00,0,0,534336.00,48400080.00,48934416.00,48400080,534336
1705270868.991199,s3-eth1,6050010.00,66792.00,6116802.00,66792,6050010,1101.00,1012.00,2113.00,1012,1101,0.00,0.00,0,0,48400080.00,534336.00,48934416.00,534336,48400080
1705270868.991266,s2-eth2,66792.00,6050010.00,6116802.00,6050010,66792,1012.00,1101.00,2113.00,1101,1012,0.00,0.00,0,0,534336.00,48400080.00,48934416.00,48400080,534336
1705270868.991280,s3-eth2,66792.00,6050010.00,6116802.00,6050010,66792,1012.00,1101.00,2113.00,1101,1012,0.00,0.00,0,0,534336.00,48400080.00,48934416.00,48400080,534336
1705270868.991308,total,18350406.00,18351084.00,36701488.00,18351084,18350406,6339.00,6339.00,12678.00,6339,6339,0.00,0.00,0,0,146803248.00,146808672.00,293611904.00,146808672,146803248
1705270869.991579,lo,0.00,0.00,0.00,0,0,0.00,0.00,0.00,0,0,0.00,0.00,0,0,0.00,0.00,0.00,0,0
1705270869.991620,ens33,0.00,0.00,0.00,0,0,0.00,0.00,0.00,0,0,0.00,0.00,0,0,0.00,0.00,0.00,0,0
1705270869.991635,s1-eth1,6054354.00,66858.00,6121212.00,66858,6054354,1101.00,1013.00,2114.00,1013,1101,0.00,0.00,0,0,48434832.00,534864.00,48969696.00,534864,48434832
1705270869.991651,s2-eth1,6054354.00,66858.00,6121212.00,66858,6054354,1101.00,1013.00,2114.00,1013,1101,0.00,0.00,0,0,48434832.00,534864.00,48969696.00,534864,48434832
1705270869.991666,s1-eth2,66858.00,6054354.00,6121212.00,6054354,66858,1013.00,1101.00,2114.00,1101,1013,0.00,0.00,0,0,534864.00,48434832.00,48969696.00,48434832,534864
1705270869.991764,s3-eth1,6054354.00,66792.00,6121146.00,66792,6054354,1101.00,1012.00,2113.00,1012,1101,0.00,0.00,0,0,48434832.00,534336.00,48969168.00,534336,48434832
1705270869.991833,s2-eth2,66792.00,6054354.00,6121146.00,6054354,66792,1012.00,1101.00,2113.00,1101,1012,0.00,0.00,0,0,534336.00,48434832.00,48969168.00,48434832,534336
1705270869.991848,s3-eth2,66858.00,6054354.00,6121212.00,6054354,66858,1013.00,1101.00,2114.00,1101,1013,0.00,0.00,0,0,534864.00,48434832.00,48969696.00,48434832,534864
1705270869.991874,total,18363570.00,18363570.00,36727140.00,18363570,18363570,6341.00,6341.00,12682.00,6341,6341,0.00,0.00,0,0,146908560.00,146908560.00,293817120.00,146908560,146908560
1705270870.992292,lo,172.00,172.00,344.00,172,172,3.00,3.00,6.00,3,3,0.00,0.00,0,0,1376.00,1376.00,2752.00,1376,1376
1705270870.992320,ens33,153.00,153.00,306.00,153,153,2.00,2.00,4.00,2,2,0.00,0.00,0,0,1224.00,1224.00,2448.00,1224,1224
1705270870.992334,s1-eth1,6055868.00,66792.00,6122660.00,66792,6055868,1102.00,1012.00,2114.00,1012,1102,0.00,0.00,0,0,48446944.00,534336.00,48981280.00,534336,48446944
1705270870.992349,s2-eth1,6055868.00,66726.00,6122594.00,66726,6055868,1102.00,1011.00,2113.00,1011,1102,0.00,0.00,0,0,48446944.00,533808.00,48980752.00,533808,48446944
1705270870.992364,s1-eth2,66726.00,6055868.00,6122594.00,6055868,66726,1011.00,1102.00,2113.00,1102,1011,0.00,0.00,0,0,533808.00,48446944.00,48980752.00,48446944,533808
1705270870.992378,s3-eth1,6055868.00,66792.00,6122660.00,66792,6055868,1102.00,1012.00,2114.00,1012,1102,0.00,0.00,0,0,48446944.00,534336.00,48981280.00,534336,48446944
1705270870.992457,s2-eth2,66792.00,6055868.00,6122660.00,6055868,66792,1012.00,1102.00,2114.00,1102,1012,0.00,0.00,0,0,534336.00,48446944.00,48981280.00,48446944,534336
1705270870.992473,s3-eth2,66726.00,6055868.00,6122594.00,6055868,66726,1011.00,1102.00,2113.00,1102,1011,0.00,0.00,0,0,533808.00,48446944.00,48980752.00,48446944,533808
1705270870.992505,total,18368172.00,18368240.00,36736412.00,18368239,18368173,6345.00,6346.00,12691.00,6346,6345,0.00,0.00,0,0,146945376.00,146945920.00,293891296.00,146945912,146945384
1705270871.992815,lo,682.00,682.00,1364.00,682,682,9.00,9.00,18.00,9,9,0.00,0.00,0,0,5456.00,5456.00,10912.00,5456,5456
1705270871.992847,ens33,0.00,0.00,0.00,0,0,0.00,0.00,0.00,0,0,0.00,0.00,0,0,0.00,0.00,0.00,0,0
1705270871.992861,s1-eth1,6050080.00,66660.00,6116740.00,66660,6050080,1102.00,1010.00,2112.00,1010,1102,0.00,0.00,0,0,48400640.00,533280.00,48933920.00,533280,48400640
1705270871.992876,s2-eth1,6050080.00,66726.00,6116806.00,66726,6050080,1102.00,1011.00,2113.00,1011,1102,0.00,0.00,0,0,48400640.00,533808.00,48934448.00,533808,48400640
1705270871.992890,s1-eth2,66726.00,6050080.00,6116806.00,6050080,66726,1011.00,1102.00,2113.00,1102,1011,0.00,0.00,0,0,533808.00,48400640.00,48934448.00,48400640,533808
1705270871.992914,s3-eth1,6050010.00,66726.00,6116736.00,66726,6050010,1101.00,1011.00,2112.00,1011,1101,0.00,0.00,0,0,48400080.00,533808.00,48933888.00,533808,48400080
1705270871.992978,s2-eth2,66726.00,6050010.00,6116736.00,6050010,66726,1011.00,1101.00,2112.00,1101,1011,0.00,0.00,0,0,533808.00,48400080.00,48933888.00,48400080,533808
1705270871.992993,s3-eth2,66726.00,6050010.00,6116736.00,6050010,66726,1011.00,1101.00,2112.00,1101,1011,0.00,0.00,0,0,533808.00,48400080.00,48933888.00,48400080,533808
1705270871.993019,total,18351030.00,18350894.00,36701924.00,18350894,18351030,6347.00,6345.00,12692.00,6345,6347,0.00,0.00,0,0,146808240.00,146807152.00,293615392.00,146807152,146808240
1705270872.993311,lo,1014.00,1014.00,2028.00,1014,1014,9.00,9.00,18.00,9,9,0.00,0.00,0,0,8112.00,8112.00,16224.00,8112,8112
1705270872.993338,ens33,0.00,0.00,0.00,0,0,0.00,0.00,0.00,0,0,0.00,0.00,0,0,0.00,0.00,0.00,0,0
1705270872.993351,s1-eth1,6050010.00,66862.00,6116872.00,66862,6050010,1101.00,1013.00,2114.00,1013,1101,0.00,0.00,0,0,48400080.00,534896.00,48934976.00,534896,48400080
1705270872.993367,s2-eth1,6050010.00,66796.00,6116806.00,66796,6050010,1101.00,1012.00,2113.00,1012,1101,0.00,0.00,0,0,48400080.00,534368.00,48934448.00,534368,48400080
1705270872.993381,s1-eth2,66796.00,6050010.00,6116806.00,6050010,66796,1012.00,1101.00,2113.00,1101,1012,0.00,0.00,0,0,534368.00,48400080.00,48934448.00,48400080,534368
1705270872.993395,s3-eth1,6050010.00,66796.00,6116806.00,66796,6050010,1101.00,1012.00,2113.00,1012,1101,0.00,0.00,0,0,48400080.00,534368.00,48934448.00,534368,48400080
1705270872.993457,s2-eth2,66796.00,6050010.00,6116806.00,6050010,66796,1012.00,1101.00,2113.00,1101,1012,0.00,0.00,0,0,534368.00,48400080.00,48934448.00,48400080,534368
1705270872.993479,s3-eth2,66796.00,6050010.00,6116806.00,6050010,66796,1012.00,1101.00,2113.00,1101,1012,0.00,0.00,0,0,534368.00,48400080.00,48934448.00,48400080,534368
1705270872.993505,total,18351432.00,18351498.00,36702928.00,18351498,18351432,6348.00,6349.00,12697.00,6349,6348,0.00,0.00,0,0,146811456.00,146811984.00,293623424.00,146811984,146811456
1705270873.993811,lo,676.00,676.00,1352.00,676,676,6.00,6.00,12.00,6,6,0.00,0.00,0,0,5408.00,5408.00,10816.00,5408,5408
1705270873.993836,ens33,0.00,0.00,0.00,0,0,0.00,0.00,0.00,0,0,0.00,0.00,0,0,0.00,0.00,0.00,0,0
1705270873.993848,s1-eth1,6050080.00,66726.00,6116806.00,66726,6050080,1102.00,1011.00,2113.00,1011,1102,0.00,0.00,0,0,48400640.00,533808.00,48934448.00,533808,48400640
1705270873.993862,s2-eth1,6050080.00,66792.00,6116872.00,66792,6050080,1102.00,1012.00,2114.00,1012,1102,0.00,0.00,0,0,48400640.00,534336.00,48934976.00,534336,48400640
1705270873.993875,s1-eth2,66792.00,6050080.00,6116872.00,6050080,66792,1012.00,1102.00,2114.00,1102,1012,0.00,0.00,0,0,534336.00,48400640.00,48934976.00,48400640,534336
1705270873.993888,s3-eth1,6050080.00,66792.00,6116872.00,66792,6050080,1102.00,1012.00,2114.00,1012,1102,0.00,0.00,0,0,48400640.00,534336.00,48934976.00,534336,48400640
1705270873.993947,s2-eth2,66792.00,6050080.00,6116872.00,6050080,66792,1012.00,1102.00,2114.00,1102,1012,0.00,0.00,0,0,534336.00,48400640.00,48934976.00,48400640,534336
1705270873.993961,s3-eth2,66792.00,6050010.00,6116802.00,6050010,66792,1012.00,1101.00,2113.00,1101,1012,0.00,0.00,0,0,534336.00,48400080.00,48934416.00,48400080,534336
1705270873.993983,total,18351292.00,18351156.00,36702448.00,18351156,18351292,6348.00,6346.00,12694.00,6346,6348,0.00,0.00,0,0,146810336.00,146809248.00,293619584.00,146809248,146810336
1705270874.994295,lo,0.00,0.00,0.00,0,0,0.00,0.00,0.00,0,0,0.00,0.00,0,0,0.00,0.00,0.00,0,0
1705270874.994344,ens33,0.00,0.00,0.00,0,0,0.00,0.00,0.00,0,0,0.00,0.00,0,0,0.00,0.00,0.00,0,0
1705270874.994358,s1-eth1,6054754.00,67254.00,6122008.00,67254,6054754,1107.00,1019.00,2126.00,1019,1107,0.00,0.00,0,0,48438032.00,538032.00,48976064.00,538032,48438032
1705270874.994372,s2-eth1,6054882.00,67188.00,6122070.00,67188,6054882,1109.00,1018.00,2127.00,1018,1109,0.00,0.00,0,0,48439056.00,537504.00,48976560.00,537504,48439056
1705270874.994402,s1-eth2,67188.00,6054882.00,6122070.00,6054882,67188,1018.00,1109.00,2127.00,1109,1018,0.00,0.00,0,0,537504.00,48439056.00,48976560.00,48439056,537504
1705270874.994416,s3-eth1,6055080.00,67122.00,6122202.00,67122,6055080,1112.00,1017.00,2129.00,1017,1112,0.00,0.00,0,0,48440640.00,536976.00,48977616.00,536976,48440640
1705270874.994475,s2-eth2,67122.00,6055080.00,6122202.00,6055080,67122,1017.00,1112.00,2129.00,1112,1017,0.00,0.00,0,0,536976.00,48440640.00,48977616.00,48440640,536976
1705270874.994489,s3-eth2,67126.00,6056792.00,6123918.00,6056792,67126,1017.00,1116.00,2133.00,1116,1017,0.00,0.00,0,0,537008.00,48454336.00,48991344.00,48454336,537008
1705270874.994513,total,18366152.00,18368318.00,36734472.00,18368318,18366152,6380.00,6391.00,12771.00,6391,6380,0.00,0.00,0,0,146929216.00,146946544.00,293875776.00,146946544,146929216
1705270875.995084,lo,0.00,0.00,0.00,0,0,0.00,0.00,0.00,0,0,0.00,0.00,0,0,0.00,0.00,0.00,0,0
1705270875.995109,ens33,0.00,0.00,0.00,0,0,0.00,0.00,0.00,0,0,0.00,0.00,0,0,0.00,0.00,0.00,0,0
1705270875.995121,s1-eth1,6058838.00,71016.00,6129854.00,71016,6058838,1147.00,1076.00,2223.00,1076,1147,0.00,0.00,0,0,48470704.00,568128.00,49038832.00,568128,48470704
1705270875.995136,s2-eth1,6058640.00,71082.00,6129722.00,71082,6058640,1144.00,1077.00,2221.00,1077,1144,0.00,0.00,0,0,48469120.00,568656.00,49037776.00,568656,48469120
1705270875.995149,s1-eth2,71082.00,6058640.00,6129722.00,6058640,71082,1077.00,1144.00,2221.00,1144,1077,0.00,0.00,0,0,568656.00,48469120.00,49037776.00,48469120,568656
1705270875.995162,s3-eth1,6058442.00,71148.00,6129590.00,71148,6058442,1141.00,1078.00,2219.00,1078,1141,0.00,0.00,0,0,48467536.00,569184.00,49036720.00,569184,48467536
1705270875.995288,s2-eth2,71148.00,6058442.00,6129590.00,6058442,71148,1078.00,1141.00,2219.00,1141,1078,0.00,0.00,0,0,569184.00,48467536.00,49036720.00,48467536,569184
1705270875.995305,s3-eth2,71214.00,6056730.00,6127944.00,6056730,71214,1079.00,1137.00,2216.00,1137,1079,0.00,0.00,0,0,569712.00,48453840.00,49023552.00,48453840,569712
1705270875.995329,total,18389364.00,18387058.00,36776424.00,18387058,18389364,6666.00,6653.00,13319.00,6653,6666,0.00,0.00,0,0,147114912.00,147096464.00,294211392.00,147096464,147114912
1705270876.995697,lo,3624.00,3624.00,7248.00,3624,3624,29.00,29.00,58.00,29,29,0.00,0.00,0,0,28992.00,28992.00,57984.00,28992,28992
1705270876.995735,ens33,153.00,153.00,306.00,153,153,2.00,2.00,4.00,2,2,0.00,0.00,0,0,1224.00,1224.00,2448.00,1224,1224
1705270876.995750,s1-eth1,6050294.00,66924.00,6117218.00,66924,6050294,1104.00,1014.00,2118.00,1014,1104,0.00,0.00,0,0,48402352.00,535392.00,48937744.00,535392,48402352
1705270876.995763,s2-eth1,6050187.00,67101.00,6117288.00,67101,6050187,1103.00,1016.00,2119.00,1016,1103,0.00,0.00,0,0,48401496.00,536808.00,48938304.00,536808,48401496
1705270876.995776,s1-eth2,67101.00,6050187.00,6117288.00,6050187,67101,1016.00,1103.00,2119.00,1103,1016,0.00,0.00,0,0,536808.00,48401496.00,48938304.00,48401496,536808
1705270876.995807,s3-eth1,6050080.00,67278.00,6117358.00,67278,6050080,1102.00,1018.00,2120.00,1018,1102,0.00,0.00,0,0,48400640.00,538224.00,48938864.00,538224,48400640
1705270876.995876,s2-eth2,67278.00,6050080.00,6117358.00,6050080,67278,1018.00,1102.00,2120.00,1102,1018,0.00,0.00,0,0,538224.00,48400640.00,48938864.00,48400640,538224
1705270876.995931,s3-eth2,67278.00,6050080.00,6117358.00,6050080,67278,1018.00,1102.00,2120.00,1102,1018,0.00,0.00,0,0,538224.00,48400640.00,48938864.00,48400640,538224
1705270876.995957,total,18355996.00,18355428.00,36711424.00,18355427,18355995,6392.00,6386.00,12778.00,6386,6392,0.00,0.00,0,0,146847968.00,146843424.00,293691392.00,146843416,146847960
1705270877.996351,lo,2222.00,2222.00,4444.00,2222,2222,21.00,21.00,42.00,21,21,0.00,0.00,0,0,17776.00,17776.00,35552.00,17776,17776
1705270877.996388,ens33,120.00,120.00,240.00,120,120,2.00,2.00,4.00,2,2,0.00,0.00,0,0,960.00,960.00,1920.00,960,960
1705270877.996403,s1-eth1,6056017.00,66768.00,6122785.00,66768,6056017,1104.00,1012.00,2116.00,1012,1104,0.00,0.00,0,0,48448136.00,534144.00,48982280.00,534144,48448136
1705270877.996431,s2-eth1,6056017.00,66768.00,6122785.00,66768,6056017,1104.00,1012.00,2116.00,1012,1104,0.00,0.00,0,0,48448136.00,534144.00,48982280.00,534144,48448136
1705270877.996444,s1-eth2,66768.00,6056017.00,6122785.00,6056017,66768,1012.00,1104.00,2116.00,1104,1012,0.00,0.00,0,0,534144.00,48448136.00,48982280.00,48448136,534144
1705270877.996457,s3-eth1,6056017.00,66768.00,6122785.00,66768,6056017,1104.00,1012.00,2116.00,1012,1104,0.00,0.00,0,0,48448136.00,534144.00,48982280.00,534144,48448136
1705270877.996516,s2-eth2,66768.00,6056017.00,6122785.00,6056017,66768,1012.00,1104.00,2116.00,1104,1012,0.00,0.00,0,0,534144.00,48448136.00,48982280.00,48448136,534144
1705270877.996530,s3-eth2,66875.00,6055910.00,6122785.00,6055910,66875,1013.00,1103.00,2116.00,1103,1013,0.00,0.00,0,0,535000.00,48447280.00,48982280.00,48447280,535000
1705270877.996552,total,18370804.00,18370590.00,36741392.00,18370590,18370804,6372.00,6370.00,12742.00,6370,6372,0.00,0.00,0,0,146966432.00,146964720.00,293931136.00,146964720,146966432
1705270878.996880,lo,0.00,0.00,0.00,0,0,0.00,0.00,0.00,0,0,0.00,0.00,0,0,0.00,0.00,0.00,0,0
1705270878.996924,ens33,0.00,0.00,0.00,0,0,0.00,0.00,0.00,0,0,0.00,0.00,0,0,0.00,0.00,0.00,0,0
1705270878.996938,s1-eth1,6048496.00,66528.00,6115024.00,66528,6048496,1100.00,1008.00,2108.00,1008,1100,0.00,0.00,0,0,48387968.00,532224.00,48920192.00,532224,48387968
1705270878.996953,s2-eth1,6048496.00,66528.00,6115024.00,66528,6048496,1100.00,1008.00,2108.00,1008,1100,0.00,0.00,0,0,48387968.00,532224.00,48920192.00,532224,48387968
1705270878.996968,s1-eth2,66528.00,6048496.00,6115024.00,6048496,66528,1008.00,1100.00,2108.00,1100,1008,0.00,0.00,0,0,532224.00,48387968.00,48920192.00,48387968,532224
1705270878.996982,s3-eth1,6048496.00,66528.00,6115024.00,66528,6048496,1100.00,1008.00,2108.00,1008,1100,0.00,0.00,0,0,48387968.00,532224.00,48920192.00,532224,48387968
1705270878.997047,s2-eth2,66528.00,6054354.00,6120882.00,6054354,66528,1008.00,1101.00,2109.00,1101,1008,0.00,0.00,0,0,532224.00,48434832.00,48967056.00,48434832,532224
1705270878.997063,s3-eth2,66528.00,6054354.00,6120882.00,6054354,66528,1008.00,1101.00,2109.00,1101,1008,0.00,0.00,0,0,532224.00,48434832.00,48967056.00,48434832,532224
1705270878.997087,total,18345072.00,18356788.00,36701860.00,18356788,18345072,6324.00,6326.00,12650.00,6326,6324,0.00,0.00,0,0,146760576.00,146854304.00,293614880.00,146854304,146760576
1705270879.997403,lo,0.00,0.00,0.00,0,0,0.00,0.00,0.00,0,0,0.00,0.00,0,0,0.00,0.00,0.00,0,0
1705270879.997425,ens33,0.00,0.00,0.00,0,0,0.00,0.00,0.00,0,0,0.00,0.00,0,0,0.00,0.00,0.00,0,0
1705270879.997436,s1-eth1,6055868.00,66924.00,6122792.00,66924,6055868,1102.00,1014.00,2116.00,1014,1102,0.00,0.00,0,0,48446944.00,535392.00,48982336.00,535392,48446944
1705270879.997450,s2-eth1,6055868.00,66924.00,6122792.00,66924,6055868,1102.00,1014.00,2116.00,1014,1102,0.00,0.00,0,0,48446944.00,535392.00,48982336.00,535392,48446944
1705270879.997462,s1-eth2,66924.00,6055868.00,6122792.00,6055868,66924,1014.00,1102.00,2116.00,1102,1014,0.00,0.00,0,0,535392.00,48446944.00,48982336.00,48446944,535392
1705270879.997475,s3-eth1,6055868.00,66858.00,6122726.00,66858,6055868,1102.00,1013.00,2115.00,1013,1102,0.00,0.00,0,0,48446944.00,534864.00,48981808.00,534864,48446944
1705270879.997532,s2-eth2,66858.00,6050010.00,6116868.00,6050010,66858,1013.00,1101.00,2114.00,1101,1013,0.00,0.00,0,0,534864.00,48400080.00,48934944.00,48400080,534864
1705270879.997545,s3-eth2,66792.00,6050010.00,6116802.00,6050010,66792,1012.00,1101.00,2113.00,1101,1012,0.00,0.00,0,0,534336.00,48400080.00,48934416.00,48400080,534336
1705270879.997567,total,18368178.00,18356594.00,36724772.00,18356594,18368178,6345.00,6345.00,12690.00,6345,6345,0.00,0.00,0,0,146945424.00,146852752.00,293798176.00,146852752,146945424
1705270880.997828,lo,0.00,0.00,0.00,0,0,0.00,0.00,0.00,0,0,0.00,0.00,0,0,0.00,0.00,0.00,0,0
1705270880.997888,ens33,0.00,0.00,0.00,0,0,0.00,0.00,0.00,0,0,0.00,0.00,0,0,0.00,0.00,0.00,0,0
1705270880.998026,s1-eth1,6050010.00,66858.00,6116868.00,66858,6050010,1101.00,1013.00,2114.00,1013,1101,0.00,0.00,0,0,48400080.00,534864.00,48934944.00,534864,48400080
1705270880.998043,s2-eth1,6050010.00,66858.00,6116868.00,66858,6050010,1101.00,1013.00,2114.00,1013,1101,0.00,0.00,0,0,48400080.00,534864.00,48934944.00,534864,48400080
1705270880.998057,s1-eth2,66858.00,6050010.00,6116868.00,6050010,66858,1013.00,1101.00,2114.00,1101,1013,0.00,0.00,0,0,534864.00,48400080.00,48934944.00,48400080,534864
1705270880.998069,s3-eth1,6050010.00,66924.00,6116934.00,66924,6050010,1101.00,1014.00,2115.00,1014,1101,0.00,0.00,0,0,48400080.00,535392.00,48935472.00,535392,48400080
1705270880.998127,s2-eth2,66924.00,6050010.00,6116934.00,6050010,66924,1014.00,1101.00,2115.00,1101,1014,0.00,0.00,0,0,535392.00,48400080.00,48935472.00,48400080,535392
1705270880.998222,s3-eth2,66990.00,6055868.00,6122858.00,6055868,66990,1015.00,1102.00,2117.00,1102,1015,0.00,0.00,0,0,535920.00,48446944.00,48982864.00,48446944,535920
1705270880.998247,total,18350802.00,18356528.00,36707328.00,18356528,18350802,6345.00,6344.00,12689.00,6344,6345,0.00,0.00,0,0,146806416.00,146852224.00,293658624.00,146852224,146806416
1705270881.998634,lo,0.00,0.00,0.00,0,0,0.00,0.00,0.00,0,0,0.00,0.00,0,0,0.00,0.00,0.00,0,0
1705270881.998660,ens33,0.00,0.00,0.00,0,0,0.00,0.00,0.00,0,0,0.00,0.00,0,0,0.00,0.00,0.00,0,0
1705270881.998671,s1-eth1,6055868.00,66792.00,6122660.00,66792,6055868,1102.00,1012.00,2114.00,1012,1102,0.00,0.00,0,0,48446944.00,534336.00,48981280.00,534336,48446944
1705270881.998685,s2-eth1,6055868.00,66792.00,6122660.00,66792,6055868,1102.00,1012.00,2114.00,1012,1102,0.00,0.00,0,0,48446944.00,534336.00,48981280.00,534336,48446944
1705270881.998698,s1-eth2,66792.00,6055868.00,6122660.00,6055868,66792,1012.00,1102.00,2114.00,1102,1012,0.00,0.00,0,0,534336.00,48446944.00,48981280.00,48446944,534336
1705270881.998711,s3-eth1,6055868.00,66792.00,6122660.00,66792,6055868,1102.00,1012.00,2114.00,1012,1102,0.00,0.00,0,0,48446944.00,534336.00,48981280.00,534336,48446944
1705270881.998770,s2-eth2,66792.00,6055868.00,6122660.00,6055868,66792,1012.00,1102.00,2114.00,1102,1012,0.00,0.00,0,0,534336.00,48446944.00,48981280.00,48446944,534336
1705270881.998784,s3-eth2,66792.00,6050010.00,6116802.00,6050010,66792,1012.00,1101.00,2113.00,1101,1012,0.00,0.00,0,0,534336.00,48400080.00,48934416.00,48400080,534336
1705270881.998807,total,18367980.00,18362122.00,36730104.00,18362122,18367980,6342.00,6341.00,12683.00,6341,6342,0.00,0.00,0,0,146943840.00,146896976.00,293840832.00,146896976,146943840
1705270882.999117,lo,516.00,516.00,1032.00,516,516,9.00,9.00,18.00,9,9,0.00,0.00,0,0,4128.00,4128.00,8256.00,4128,4128
1705270882.999145,ens33,153.00,153.00,306.00,153,153,2.00,2.00,4.00,2,2,0.00,0.00,0,0,1224.00,1224.00,2448.00,1224,1224
1705270882.999158,s1-eth1,6055868.00,66792.00,6122660.00,66792,6055868,1102.00,1012.00,2114.00,1012,1102,0.00,0.00,0,0,48446944.00,534336.00,48981280.00,534336,48446944
1705270882.999172,s2-eth1,6055868.00,66726.00,6122594.00,66726,6055868,1102.00,1011.00,2113.00,1011,1102,0.00,0.00,0,0,48446944.00,533808.00,48980752.00,533808,48446944
1705270882.999185,s1-eth2,66726.00,6055868.00,6122594.00,6055868,66726,1011.00,1102.00,2113.00,1102,1011,0.00,0.00,0,0,533808.00,48446944.00,48980752.00,48446944,533808
1705270882.999198,s3-eth1,6055868.00,66726.00,6122594.00,66726,6055868,1102.00,1011.00,2113.00,1011,1102,0.00,0.00,0,0,48446944.00,533808.00,48980752.00,533808,48446944
1705270882.999256,s2-eth2,66726.00,6055868.00,6122594.00,6055868,66726,1011.00,1102.00,2113.00,1102,1011,0.00,0.00,0,0,533808.00,48446944.00,48980752.00,48446944,533808
1705270882.999279,s3-eth2,66726.00,6055868.00,6122594.00,6055868,66726,1011.00,1102.00,2113.00,1102,1011,0.00,0.00,0,0,533808.00,48446944.00,48980752.00,48446944,533808
1705270882.999301,total,18368452.00,18368516.00,36736968.00,18368517,18368451,6350.00,6351.00,12701.00,6351,6350,0.00,0.00,0,0,146947616.00,146948128.00,293895744.00,146948136,146947608
1705270883.999807,lo,0.00,0.00,0.00,0,0,0.00,0.00,0.00,0,0,0.00,0.00,0,0,0.00,0.00,0.00,0,0
1705270883.999859,ens33,0.00,0.00,0.00,0,0,0.00,0.00,0.00,0,0,0.00,0.00,0,0,0.00,0.00,0.00,0,0
1705270883.999874,s1-eth1,6054354.00,66726.00,6121080.00,66726,6054354,1101.00,1011.00,2112.00,1011,1101,0.00,0.00,0,0,48434832.00,533808.00,48968640.00,533808,48434832
1705270883.999890,s2-eth1,6054354.00,66792.00,6121146.00,66792,6054354,1101.00,1012.00,2113.00,1012,1101,0.00,0.00,0,0,48434832.00,534336.00,48969168.00,534336,48434832
1705270883.999905,s1-eth2,66792.00,6054354.00,6121146.00,6054354,66792,1012.00,1101.00,2113.00,1101,1012,0.00,0.00,0,0,534336.00,48434832.00,48969168.00,48434832,534336
1705270883.999920,s3-eth1,6054354.00,66792.00,6121146.00,66792,6054354,1101.00,1012.00,2113.00,1012,1101,0.00,0.00,0,0,48434832.00,534336.00,48969168.00,534336,48434832
1705270883.999998,s2-eth2,66792.00,6054354.00,6121146.00,6054354,66792,1012.00,1101.00,2113.00,1101,1012,0.00,0.00,0,0,534336.00,48434832.00,48969168.00,48434832,534336
1705270884.000014,s3-eth2,66725.27,6048306.00,6115031.00,6054354,66792,1010.99,1099.90,2110.89,1101,1012,0.00,0.00,0,0,533802.19,48386448.00,48920248.00,48434832,534336
1705270884.000038,total,18345094.00,18345028.00,36690120.00,18363372,18363438,6332.67,6331.67,12664.34,6338,6339,0.00,0.00,0,0,146760752.00,146760224.00,293520960.00,146906976,146907504
1705270885.000384,lo,0.00,0.00,0.00,0,0,0.00,0.00,0.00,0,0,0.00,0.00,0,0,0.00,0.00,0.00,0,0
1705270885.000442,ens33,0.00,0.00,0.00,0,0,0.00,0.00,0.00,0,0,0.00,0.00,0,0,0.00,0.00,0.00,0,0
1705270885.000455,s1-eth1,6043966.00,66923.08,6110889.50,66990,6050010,1099.90,1013.99,2113.89,1015,1101,0.00,0.00,0,0,48351728.00,535384.62,48887116.00,535920,48400080
1705270885.000470,s2-eth1,6043966.00,66923.08,6110889.50,66990,6050010,1099.90,1013.99,2113.89,1015,1101,0.00,0.00,0,0,48351728.00,535384.62,48887116.00,535920,48400080
1705270885.000483,s1-eth2,66923.08,6043966.00,6110889.50,6050010,66990,1013.99,1099.90,2113.89,1101,1015,0.00,0.00,0,0,535384.62,48351728.00,48887116.00,48400080,535920
1705270885.000496,s3-eth1,6043966.00,66923.08,6110889.50,66990,6050010,1099.90,1013.99,2113.89,1015,1101,0.00,0.00,0,0,48351728.00,535384.62,48887116.00,535920,48400080
1705270885.000558,s2-eth2,66923.08,6043966.00,6110889.50,6050010,66990,1013.99,1099.90,2113.89,1101,1015,0.00,0.00,0,0,535384.62,48351728.00,48887116.00,48400080,535920
1705270885.000572,s3-eth2,66990.00,6050010.00,6117000.00,6050010,66990,1015.00,1101.00,2116.00,1101,1015,0.00,0.00,0,0,535920.00,48400080.00,48936000.00,48400080,535920
1705270885.000595,total,18351000.00,18351000.00,36702000.00,18351000,18351000,6348.00,6348.00,12696.00,6348,6348,0.00,0.00,0,0,146808000.00,146808000.00,293616000.00,146808000,146808000
1705270886.000904,lo,0.00,0.00,0.00,0,0,0.00,0.00,0.00,0,0,0.00,0.00,0,0,0.00,0.00,0.00,0,0
1705270886.000931,ens33,0.00,0.00,0.00,0,0,0.00,0.00,0.00,0,0,0.00,0.00,0,0,0.00,0.00,0.00,0,0
1705270886.000942,s1-eth1,6055868.00,66924.00,6122792.00,66924,6055868,1102.00,1014.00,2116.00,1014,1102,0.00,0.00,0,0,48446944.00,535392.00,48982336.00,535392,48446944
1705270886.000956,s2-eth1,6055868.00,66858.00,6122726.00,66858,6055868,1102.00,1013.00,2115.00,1013,1102,0.00,0.00,0,0,48446944.00,534864.00,48981808.00,534864,48446944
1705270886.000969,s1-eth2,66858.00,6055868.00,6122726.00,6055868,66858,1013.00,1102.00,2115.00,1102,1013,0.00,0.00,0,0,534864.00,48446944.00,48981808.00,48446944,534864
1705270886.000982,s3-eth1,6055868.00,66858.00,6122726.00,66858,6055868,1102.00,1013.00,2115.00,1013,1102,0.00,0.00,0,0,48446944.00,534864.00,48981808.00,534864,48446944
1705270886.001040,s2-eth2,66858.00,6055868.00,6122726.00,6055868,66858,1013.00,1102.00,2115.00,1102,1013,0.00,0.00,0,0,534864.00,48446944.00,48981808.00,48446944,534864
1705270886.001054,s3-eth2,66858.00,6055868.00,6122726.00,6055868,66858,1013.00,1102.00,2115.00,1102,1013,0.00,0.00,0,0,534864.00,48446944.00,48981808.00,48446944,534864
1705270886.001077,total,18368178.00,18368244.00,36736424.00,18368244,18368178,6345.00,6346.00,12691.00,6346,6345,0.00,0.00,0,0,146945424.00,146945952.00,293891392.00,146945952,146945424
1705270887.001360,lo,0.00,0.00,0.00,0,0,0.00,0.00,0.00,0,0,0.00,0.00,0,0,0.00,0.00,0.00,0,0
1705270887.001413,ens33,0.00,0.00,0.00,0,0,0.00,0.00,0.00,0,0,0.00,0.00,0,0,0.00,0.00,0.00,0,0
1705270887.001427,s1-eth1,6050010.00,67056.00,6117066.00,67056,6050010,1101.00,1016.00,2117.00,1016,1101,0.00,0.00,0,0,48400080.00,536448.00,48936528.00,536448,48400080
1705270887.001442,s2-eth1,6050010.00,67122.00,6117132.00,67122,6050010,1101.00,1017.00,2118.00,1017,1101,0.00,0.00,0,0,48400080.00,536976.00,48937056.00,536976,48400080
1705270887.001455,s1-eth2,67122.00,6050010.00,6117132.00,6050010,67122,1017.00,1101.00,2118.00,1101,1017,0.00,0.00,0,0,536976.00,48400080.00,48937056.00,48400080,536976
1705270887.001469,s3-eth1,6050010.00,67122.00,6117132.00,67122,6050010,1101.00,1017.00,2118.00,1017,1101,0.00,0.00,0,0,48400080.00,536976.00,48937056.00,536976,48400080
1705270887.001529,s2-eth2,67122.00,6050010.00,6117132.00,6050010,67122,1017.00,1101.00,2118.00,1101,1017,0.00,0.00,0,0,536976.00,48400080.00,48937056.00,48400080,536976
1705270887.001543,s3-eth2,67122.00,6050010.00,6117132.00,6050010,67122,1017.00,1101.00,2118.00,1101,1017,0.00,0.00,0,0,536976.00,48400080.00,48937056.00,48400080,536976
1705270887.001566,total,18351396.00,18351330.00,36702728.00,18351330,18351396,6354.00,6353.00,12707.00,6353,6354,0.00,0.00,0,0,146811168.00,146810640.00,293621824.00,146810640,146811168
1705270888.001964,lo,516.00,516.00,1032.00,516,516,9.00,9.00,18.00,9,9,0.00,0.00,0,0,4128.00,4128.00,8256.00,4128,4128
1705270888.002008,ens33,120.00,120.00,240.00,120,120,2.00,2.00,4.00,2,2,0.00,0.00,0,0,960.00,960.00,1920.00,960,960
1705270888.002025,s1-eth1,6042638.00,66792.00,6109430.00,66792,6042638,1099.00,1012.00,2111.00,1012,1099,0.00,0.00,0,0,48341104.00,534336.00,48875440.00,534336,48341104
1705270888.002039,s2-eth1,6042638.00,66726.00,6109364.00,66726,6042638,1099.00,1011.00,2110.00,1011,1099,0.00,0.00,0,0,48341104.00,533808.00,48874912.00,533808,48341104
1705270888.002054,s1-eth2,66726.00,6042638.00,6109364.00,6042638,66726,1011.00,1099.00,2110.00,1099,1011,0.00,0.00,0,0,533808.00,48341104.00,48874912.00,48341104,533808
1705270888.002068,s3-eth1,6042638.00,66726.00,6109364.00,66726,6042638,1099.00,1011.00,2110.00,1011,1099,0.00,0.00,0,0,48341104.00,533808.00,48874912.00,533808,48341104
1705270888.002137,s2-eth2,66726.00,6042638.00,6109364.00,6042638,66726,1011.00,1099.00,2110.00,1099,1011,0.00,0.00,0,0,533808.00,48341104.00,48874912.00,48341104,533808
1705270888.002163,s3-eth2,66726.00,6042638.00,6109364.00,6042638,66726,1011.00,1099.00,2110.00,1099,1011,0.00,0.00,0,0,533808.00,48341104.00,48874912.00,48341104,533808
1705270888.002186,total,18328728.00,18328794.00,36657520.00,18328794,18328728,6341.00,6342.00,12683.00,6342,6341,0.00,0.00,0,0,146629824.00,146630352.00,293260160.00,146630352,146629824
1705270889.002462,lo,0.00,0.00,0.00,0,0,0.00,0.00,0.00,0,0,0.00,0.00,0,0,0.00,0.00,0.00,0,0
1705270889.002489,ens33,153.00,153.00,306.00,153,153,2.00,2.00,4.00,2,2,0.00,0.00,0,0,1224.00,1224.00,2448.00,1224,1224
1705270889.002502,s1-eth1,6050010.00,66858.00,6116868.00,66858,6050010,1101.00,1013.00,2114.00,1013,1101,0.00,0.00,0,0,48400080.00,534864.00,48934944.00,534864,48400080
1705270889.002515,s2-eth1,6050010.00,66924.00,6116934.00,66924,6050010,1101.00,1014.00,2115.00,1014,1101,0.00,0.00,0,0,48400080.00,535392.00,48935472.00,535392,48400080
1705270889.002528,s1-eth2,66924.00,6050010.00,6116934.00,6050010,66924,1014.00,1101.00,2115.00,1101,1014,0.00,0.00,0,0,535392.00,48400080.00,48935472.00,48400080,535392
1705270889.002540,s3-eth1,6050010.00,66924.00,6116934.00,66924,6050010,1101.00,1014.00,2115.00,1014,1101,0.00,0.00,0,0,48400080.00,535392.00,48935472.00,535392,48400080
1705270889.002599,s2-eth2,66924.00,6050010.00,6116934.00,6050010,66924,1014.00,1101.00,2115.00,1101,1014,0.00,0.00,0,0,535392.00,48400080.00,48935472.00,48400080,535392
1705270889.002612,s3-eth2,66858.00,6050010.00,6116868.00,6050010,66858,1013.00,1101.00,2114.00,1101,1013,0.00,0.00,0,0,534864.00,48400080.00,48934944.00,48400080,534864
1705270889.002635,total,18350888.00,18350888.00,36701776.00,18350889,18350889,6346.00,6346.00,12692.00,6346,6346,0.00,0.00,0,0,146807104.00,146807104.00,293614208.00,146807112,146807112
1705270890.002997,lo,0.00,0.00,0.00,0,0,0.00,0.00,0.00,0,0,0.00,0.00,0,0,0.00,0.00,0.00,0,0
1705270890.003045,ens33,0.00,0.00,0.00,0,0,0.00,0.00,0.00,0,0,0.00,0.00,0,0,0.00,0.00,0.00,0,0
1705270890.003058,s1-eth1,6055934.00,66924.00,6122858.00,66924,6055934,1103.00,1014.00,2117.00,1014,1103,0.00,0.00,0,0,48447472.00,535392.00,48982864.00,535392,48447472
1705270890.003071,s2-eth1,6054486.00,66858.00,6121344.00,66858,6054486,1103.00,1013.00,2116.00,1013,1103,0.00,0.00,0,0,48435888.00,534864.00,48970752.00,534864,48435888
1705270890.003083,s1-eth2,66858.00,6054486.00,6121344.00,6054486,66858,1013.00,1103.00,2116.00,1103,1013,0.00,0.00,0,0,534864.00,48435888.00,48970752.00,48435888,534864
1705270890.003106,s3-eth1,6054486.00,66726.00,6121212.00,66726,6054486,1103.00,1011.00,2114.00,1011,1103,0.00,0.00,0,0,48435888.00,533808.00,48969696.00,533808,48435888
1705270890.003191,s2-eth2,66726.00,6054486.00,6121212.00,6054486,66726,1011.00,1103.00,2114.00,1103,1011,0.00,0.00,0,0,533808.00,48435888.00,48969696.00,48435888,533808
1705270890.003206,s3-eth2,66792.00,6056000.00,6122792.00,6056000,66792,1012.00,1104.00,2116.00,1104,1012,0.00,0.00,0,0,534336.00,48448000.00,48982336.00,48448000,534336
1705270890.003229,total,18365282.00,18365480.00,36730760.00,18365480,18365282,6345.00,6348.00,12693.00,6348,6345,0.00,0.00,0,0,146922256.00,146923840.00,293846080.00,146923840,146922256
1705270891.003559,lo,0.00,0.00,0.00,0,0,0.00,0.00,0.00,0,0,0.00,0.00,0,0,0.00,0.00,0.00,0,0
1705270891.003600,ens33,0.00,0.00,0.00,0,0,0.00,0.00,0.00,0,0,0.00,0.00,0,0,0.00,0.00,0.00,0,0
1705270891.003615,s1-eth1,6053508.00,71280.00,6124788.00,71280,6053508,1154.00,1080.00,2234.00,1080,1154,0.00,0.00,0,0,48428064.00,570240.00,48998304.00,570240,48428064
1705270891.003631,s2-eth1,6054956.00,71346.00,6126302.00,71346,6054956,1154.00,1081.00,2235.00,1081,1154,0.00,0.00,0,0,48439648.00,570768.00,49010416.00,570768,48439648
1705270891.003646,s1-eth2,71346.00,6054956.00,6126302.00,6054956,71346,1081.00,1154.00,2235.00,1154,1081,0.00,0.00,0,0,570768.00,48439648.00,49010416.00,48439648,570768
1705270891.003661,s3-eth1,6054956.00,71478.00,6126434.00,71478,6054956,1154.00,1083.00,2237.00,1083,1154,0.00,0.00,0,0,48439648.00,571824.00,49011472.00,571824,48439648
1705270891.003836,s2-eth2,71478.00,6054956.00,6126434.00,6054956,71478,1083.00,1154.00,2237.00,1154,1083,0.00,0.00,0,0,571824.00,48439648.00,49011472.00,48439648,571824
1705270891.003857,s3-eth2,71478.00,6053442.00,6124920.00,6053442,71478,1083.00,1153.00,2236.00,1153,1083,0.00,0.00,0,0,571824.00,48427536.00,48999360.00,48427536,571824
1705270891.003884,total,18377722.00,18377458.00,36755180.00,18377458,18377722,6709.00,6705.00,13414.00,6705,6709,0.00,0.00,0,0,147021776.00,147019664.00,294041440.00,147019664,147021776
1705270892.004189,lo,0.00,0.00,0.00,0,0,0.00,0.00,0.00,0,0,0.00,0.00,0,0,0.00,0.00,0.00,0,0
1705270892.004231,ens33,0.00,0.00,0.00,0,0,0.00,0.00,0.00,0,0,0.00,0.00,0,0,0.00,0.00,0.00,0,0
1705270892.004246,s1-eth1,6054354.00,66792.00,6121146.00,66792,6054354,1101.00,1012.00,2113.00,1012,1101,0.00,0.00,0,0,48434832.00,534336.00,48969168.00,534336,48434832
1705270892.004261,s2-eth1,6054354.00,66726.00,6121080.00,66726,6054354,1101.00,1011.00,2112.00,1011,1101,0.00,0.00,0,0,48434832.00,533808.00,48968640.00,533808,48434832
1705270892.004276,s1-eth2,66726.00,6054354.00,6121080.00,6054354,66726,1011.00,1101.00,2112.00,1101,1011,0.00,0.00,0,0,533808.00,48434832.00,48968640.00,48434832,533808
1705270892.004290,s3-eth1,6054354.00,66726.00,6121080.00,66726,6054354,1101.00,1011.00,2112.00,1011,1101,0.00,0.00,0,0,48434832.00,533808.00,48968640.00,533808,48434832
1705270892.004352,s2-eth2,66726.00,6054354.00,6121080.00,6054354,66726,1011.00,1101.00,2112.00,1101,1011,0.00,0.00,0,0,533808.00,48434832.00,48968640.00,48434832,533808
1705270892.004368,s3-eth2,66726.00,6054354.00,6121080.00,6054354,66726,1011.00,1101.00,2112.00,1101,1011,0.00,0.00,0,0,533808.00,48434832.00,48968640.00,48434832,533808
1705270892.004402,total,18363240.00,18363306.00,36726544.00,18363306,18363240,6336.00,6337.00,12673.00,6337,6336,0.00,0.00,0,0,146905920.00,146906448.00,293812352.00,146906448,146905920
1705270893.004678,lo,516.00,516.00,1032.00,516,516,9.00,9.00,18.00,9,9,0.00,0.00,0,0,4128.00,4128.00,8256.00,4128,4128
1705270893.004722,ens33,0.00,0.00,0.00,0,0,0.00,0.00,0.00,0,0,0.00,0.00,0,0,0.00,0.00,0.00,0,0
1705270893.004735,s1-eth1,6044152.00,66660.00,6110812.00,66660,6044152,1100.00,1010.00,2110.00,1010,1100,0.00,0.00,0,0,48353216.00,533280.00,48886496.00,533280,48353216
1705270893.004748,s2-eth1,6044152.00,66726.00,6110878.00,66726,6044152,1100.00,1011.00,2111.00,1011,1100,0.00,0.00,0,0,48353216.00,533808.00,48887024.00,533808,48353216
1705270893.004761,s1-eth2,66726.00,6044152.00,6110878.00,6044152,66726,1011.00,1100.00,2111.00,1100,1011,0.00,0.00,0,0,533808.00,48353216.00,48887024.00,48353216,533808
1705270893.004773,s3-eth1,6045666.00,66726.00,6112392.00,66726,6045666,1101.00,1011.00,2112.00,1011,1101,0.00,0.00,0,0,48365328.00,533808.00,48899136.00,533808,48365328
1705270893.004829,s2-eth2,66726.00,6045666.00,6112392.00,6045666,66726,1011.00,1101.00,2112.00,1101,1011,0.00,0.00,0,0,533808.00,48365328.00,48899136.00,48365328,533808
1705270893.004843,s3-eth2,66726.00,6044152.00,6110878.00,6044152,66726,1011.00,1100.00,2111.00,1100,1011,0.00,0.00,0,0,533808.00,48353216.00,48887024.00,48353216,533808
1705270893.004865,total,18334664.00,18334598.00,36669264.00,18334598,18334664,6343.00,6342.00,12685.00,6342,6343,0.00,0.00,0,0,146677312.00,146676784.00,293354112.00,146676784,146677312
1705270894.005209,lo,0.00,0.00,0.00,0,0,0.00,0.00,0.00,0,0,0.00,0.00,0,0,0.00,0.00,0.00,0,0
1705270894.005233,ens33,93.00,60.00,153.00,60,93,1.00,1.00,2.00,1,1,0.00,0.00,0,0,744.00,480.00,1224.00,480,744
1705270894.005246,s1-eth1,6055868.00,66858.00,6122726.00,66858,6055868,1102.00,1013.00,2115.00,1013,1102,0.00,0.00,0,0,48446944.00,534864.00,48981808.00,534864,48446944
1705270894.005259,s2-eth1,6055868.00,66858.00,6122726.00,66858,6055868,1102.00,1013.00,2115.00,1013,1102,0.00,0.00,0,0,48446944.00,534864.00,48981808.00,534864,48446944
1705270894.005281,s1-eth2,66858.00,6055868.00,6122726.00,6055868,66858,1013.00,1102.00,2115.00,1102,1013,0.00,0.00,0,0,534864.00,48446944.00,48981808.00,48446944,534864
1705270894.005294,s3-eth1,6054354.00,66792.00,6121146.00,66792,6054354,1101.00,1012.00,2113.00,1012,1101,0.00,0.00,0,0,48434832.00,534336.00,48969168.00,534336,48434832
1705270894.005350,s2-eth2,66792.00,6054354.00,6121146.00,6054354,66792,1012.00,1101.00,2113.00,1101,1012,0.00,0.00,0,0,534336.00,48434832.00,48969168.00,48434832,534336
1705270894.005363,s3-eth2,66792.00,6055868.00,6122660.00,6055868,66792,1012.00,1102.00,2114.00,1102,1012,0.00,0.00,0,0,534336.00,48446944.00,48981280.00,48446944,534336
1705270894.005385,total,18366624.00,18366658.00,36733284.00,18366658,18366625,6343.00,6344.00,12687.00,6344,6343,0.00,0.00,0,0,146932992.00,146933264.00,293866272.00,146933264,146933000
1705270895.005672,lo,0.00,0.00,0.00,0,0,0.00,0.00,0.00,0,0,0.00,0.00,0,0,0.00,0.00,0.00,0,0
1705270895.005694,ens33,60.00,93.00,153.00,93,60,1.00,1.00,2.00,1,1,0.00,0.00,0,0,480.00,744.00,1224.00,744,480
1705270895.005708,s1-eth1,6050010.00,66792.00,6116802.00,66792,6050010,1101.00,1012.00,2113.00,1012,1101,0.00,0.00,0,0,48400080.00,534336.00,48934416.00,534336,48400080
1705270895.005900,s2-eth1,6050010.00,66792.00,6116802.00,66792,6050010,1101.00,1012.00,2113.00,1012,1101,0.00,0.00,0,0,48400080.00,534336.00,48934416.00,534336,48400080
1705270895.005978,s1-eth2,66792.00,6050010.00,6116802.00,6050010,66792,1012.00,1101.00,2113.00,1101,1012,0.00,0.00,0,0,534336.00,48400080.00,48934416.00,48400080,534336
1705270895.006002,s3-eth1,6050010.00,66858.00,6116868.00,66858,6050010,1101.00,1013.00,2114.00,1013,1101,0.00,0.00,0,0,48400080.00,534864.00,48934944.00,534864,48400080
1705270895.006067,s2-eth2,66858.00,6050010.00,6116868.00,6050010,66858,1013.00,1101.00,2114.00,1101,1013,0.00,0.00,0,0,534864.00,48400080.00,48934944.00,48400080,534864
1705270895.006134,s3-eth2,66858.00,6055868.00,6122726.00,6055868,66858,1013.00,1102.00,2115.00,1102,1013,0.00,0.00,0,0,534864.00,48446944.00,48981808.00,48446944,534864
1705270895.006256,total,18350598.00,18356424.00,36707020.00,18356423,18350598,6342.00,6342.00,12684.00,6342,6342,0.00,0.00,0,0,146804784.00,146851392.00,293656160.00,146851384,146804784
1705270896.006584,lo,0.00,0.00,0.00,0,0,0.00,0.00,0.00,0,0,0.00,0.00,0,0,0.00,0.00,0.00,0,0
1705270896.006666,ens33,0.00,0.00,0.00,0,0,0.00,0.00,0.00,0,0,0.00,0.00,0,0,0.00,0.00,0.00,0,0
1705270896.006679,s1-eth1,6054354.00,66858.00,6121212.00,66858,6054354,1101.00,1013.00,2114.00,1013,1101,0.00,0.00,0,0,48434832.00,534864.00,48969696.00,534864,48434832
1705270896.006693,s2-eth1,6060212.00,66858.00,6127070.00,66858,6060212,1102.00,1013.00,2115.00,1013,1102,0.00,0.00,0,0,48481696.00,534864.00,49016560.00,534864,48481696
1705270896.006708,s1-eth2,66858.00,6060212.00,6127070.00,6060212,66858,1013.00,1102.00,2115.00,1102,1013,0.00,0.00,0,0,534864.00,48481696.00,49016560.00,48481696,534864
1705270896.006721,s3-eth1,6060212.00,66858.00,6127070.00,66858,6060212,1102.00,1013.00,2115.00,1013,1102,0.00,0.00,0,0,48481696.00,534864.00,49016560.00,534864,48481696
1705270896.006785,s2-eth2,66858.00,6060212.00,6127070.00,6060212,66858,1013.00,1102.00,2115.00,1102,1013,0.00,0.00,0,0,534864.00,48481696.00,49016560.00,48481696,534864
1705270896.006835,s3-eth2,66858.00,6054354.00,6121212.00,6054354,66858,1013.00,1101.00,2114.00,1101,1013,0.00,0.00,0,0,534864.00,48434832.00,48969696.00,48434832,534864
1705270896.006862,total,18375352.00,18375352.00,36750704.00,18375352,18375352,6344.00,6344.00,12688.00,6344,6344,0.00,0.00,0,0,147002816.00,147002816.00,294005632.00,147002816,147002816
1705270897.007093,lo,0.00,0.00,0.00,0,0,0.00,0.00,0.00,0,0,0.00,0.00,0,0,0.00,0.00,0.00,0,0
1705270897.007133,ens33,0.00,0.00,0.00,0,0,0.00,0.00,0.00,0,0,0.00,0.00,0,0,0.00,0.00,0.00,0,0
1705270897.007147,s1-eth1,6055868.00,66990.00,6122858.00,66990,6055868,1102.00,1015.00,2117.00,1015,1102,0.00,0.00,0,0,48446944.00,535920.00,48982864.00,535920,48446944
1705270897.007160,s2-eth1,6050010.00,66990.00,6117000.00,66990,6050010,1101.00,1015.00,2116.00,1015,1101,0.00,0.00,0,0,48400080.00,535920.00,48936000.00,535920,48400080
1705270897.007173,s1-eth2,66990.00,6050010.00,6117000.00,6050010,66990,1015.00,1101.00,2116.00,1101,1015,0.00,0.00,0,0,535920.00,48400080.00,48936000.00,48400080,535920
1705270897.007185,s3-eth1,6050010.00,66924.00,6116934.00,66924,6050010,1101.00,1014.00,2115.00,1014,1101,0.00,0.00,0,0,48400080.00,535392.00,48935472.00,535392,48400080
1705270897.007242,s2-eth2,66990.00,6050010.00,6117000.00,6050010,66990,1015.00,1101.00,2116.00,1101,1015,0.00,0.00,0,0,535920.00,48400080.00,48936000.00,48400080,535920
1705270897.007255,s3-eth2,66924.00,6050010.00,6116934.00,6050010,66924,1014.00,1101.00,2115.00,1101,1014,0.00,0.00,0,0,535392.00,48400080.00,48935472.00,48400080,535392
1705270897.007277,total,18356792.00,18350934.00,36707728.00,18350934,18356792,6348.00,6347.00,12695.00,6347,6348,0.00,0.00,0,0,146854336.00,146807472.00,293661824.00,146807472,146854336
1705270898.007655,lo,516.00,516.00,1032.00,516,516,9.00,9.00,18.00,9,9,0.00,0.00,0,0,4128.00,4128.00,8256.00,4128,4128
1705270898.007682,ens33,0.00,0.00,0.00,0,0,0.00,0.00,0.00,0,0,0.00,0.00,0,0,0.00,0.00,0.00,0,0
1705270898.007694,s1-eth1,6054494.00,70842.00,6125336.00,70842,6054494,1147.00,1073.00,2220.00,1073,1147,0.00,0.00,0,0,48435952.00,566736.00,49002688.00,566736,48435952
1705270898.007707,s2-eth1,6054692.00,70578.00,6125270.00,70578,6054692,1150.00,1069.00,2219.00,1069,1150,0.00,0.00,0,0,48437536.00,564624.00,49002160.00,564624,48437536
1705270898.007720,s1-eth2,70578.00,6054692.00,6125270.00,6054692,70578,1069.00,1150.00,2219.00,1150,1069,0.00,0.00,0,0,564624.00,48437536.00,49002160.00,48437536,564624
1705270898.007732,s3-eth1,6054890.00,70380.00,6125270.00,70380,6054890,1153.00,1066.00,2219.00,1066,1153,0.00,0.00,0,0,48439120.00,563040.00,49002160.00,563040,48439120
1705270898.007790,s2-eth2,70314.00,6054890.00,6125204.00,6054890,70314,1065.00,1153.00,2218.00,1153,1065,0.00,0.00,0,0,562512.00,48439120.00,49001632.00,48439120,562512
1705270898.007828,s3-eth2,70182.00,6059300.00,6129482.00,6059300,70182,1063.00,1154.00,2217.00,1154,1063,0.00,0.00,0,0,561456.00,48474400.00,49035856.00,48474400,561456
1705270898.007953,total,18375666.00,18381198.00,36756864.00,18381198,18375666,6656.00,6674.00,13330.00,6674,6656,0.00,0.00,0,0,147005328.00,147049584.00,294054912.00,147049584,147005328
1705270899.008284,lo,0.00,0.00,0.00,0,0,0.00,0.00,0.00,0,0,0.00,0.00,0,0,0.00,0.00,0.00,0,0
1705270899.008321,ens33,120.00,120.00,240.00,120,120,2.00,2.00,4.00,2,2,0.00,0.00,0,0,960.00,960.00,1920.00,960,960
1705270899.008361,s1-eth1,6054816.00,67650.00,6122466.00,67650,6054816,1108.00,1025.00,2133.00,1025,1108,0.00,0.00,0,0,48438528.00,541200.00,48979728.00,541200,48438528
1705270899.008377,s2-eth1,6054618.00,67914.00,6122532.00,67914,6054618,1105.00,1029.00,2134.00,1029,1105,0.00,0.00,0,0,48436944.00,543312.00,48980256.00,543312,48436944
1705270899.008391,s1-eth2,67914.00,6054618.00,6122532.00,6054618,67914,1029.00,1105.00,2134.00,1105,1029,0.00,0.00,0,0,543312.00,48436944.00,48980256.00,48436944,543312
1705270899.008405,s3-eth1,6054420.00,68178.00,6122598.00,68178,6054420,1102.00,1033.00,2135.00,1033,1102,0.00,0.00,0,0,48435360.00,545424.00,48980784.00,545424,48435360
1705270899.008468,s2-eth2,68178.00,6054420.00,6122598.00,6054420,68178,1033.00,1102.00,2135.00,1102,1033,0.00,0.00,0,0,545424.00,48435360.00,48980784.00,48435360,545424
1705270899.008483,s3-eth2,68442.00,6050010.00,6118452.00,6050010,68442,1037.00,1101.00,2138.00,1101,1037,0.00,0.00,0,0,547536.00,48400080.00,48947616.00,48400080,547536
1705270899.008516,total,18368508.00,18362910.00,36731416.00,18362910,18368508,6416.00,6397.00,12813.00,6397,6416,0.00,0.00,0,0,146948064.00,146903280.00,293851328.00,146903280,146948064
1705270900.008989,lo,0.00,0.00,0.00,0,0,0.00,0.00,0.00,0,0,0.00,0.00,0,0,0.00,0.00,0.00,0,0
1705270900.009014,ens33,93.00,60.00,153.00,60,93,1.00,1.00,2.00,1,1,0.00,0.00,0,0,744.00,480.00,1224.00,480,744
1705270900.009028,s1-eth1,6055868.00,66792.00,6122660.00,66792,6055868,1102.00,1012.00,2114.00,1012,1102,0.00,0.00,0,0,48446944.00,534336.00,48981280.00,534336,48446944
1705270900.009041,s2-eth1,6055868.00,66792.00,6122660.00,66792,6055868,1102.00,1012.00,2114.00,1012,1102,0.00,0.00,0,0,48446944.00,534336.00,48981280.00,534336,48446944
1705270900.009055,s1-eth2,66792.00,6055868.00,6122660.00,6055868,66792,1012.00,1102.00,2114.00,1102,1012,0.00,0.00,0,0,534336.00,48446944.00,48981280.00,48446944,534336
1705270900.009067,s3-eth1,6055868.00,66792.00,6122660.00,66792,6055868,1102.00,1012.00,2114.00,1012,1102,0.00,0.00,0,0,48446944.00,534336.00,48981280.00,534336,48446944
1705270900.009161,s2-eth2,66792.00,6055868.00,6122660.00,6055868,66792,1012.00,1102.00,2114.00,1102,1012,0.00,0.00,0,0,534336.00,48446944.00,48981280.00,48446944,534336
1705270900.009177,s3-eth2,66726.00,6055868.00,6122594.00,6055868,66726,1011.00,1102.00,2113.00,1102,1011,0.00,0.00,0,0,533808.00,48446944.00,48980752.00,48446944,533808
1705270900.009201,total,18368008.00,18368040.00,36736048.00,18368040,18368007,6342.00,6343.00,12685.00,6343,6342,0.00,0.00,0,0,146944064.00,146944320.00,293888384.00,146944320,146944056
1705270901.009560,lo,338.00,338.00,676.00,338,338,3.00,3.00,6.00,3,3,0.00,0.00,0,0,2704.00,2704.00,5408.00,2704,2704
1705270901.009591,ens33,60.00,93.00,153.00,93,60,1.00,1.00,2.00,1,1,0.00,0.00,0,0,480.00,744.00,1224.00,744,480
1705270901.009606,s1-eth1,6054424.00,66858.00,6121282.00,66858,6054424,1102.00,1013.00,2115.00,1013,1102,0.00,0.00,0,0,48435392.00,534864.00,48970256.00,534864,48435392
1705270901.009621,s2-eth1,6054424.00,66858.00,6121282.00,66858,6054424,1102.00,1013.00,2115.00,1013,1102,0.00,0.00,0,0,48435392.00,534864.00,48970256.00,534864,48435392
1705270901.009636,s1-eth2,66858.00,6054424.00,6121282.00,6054424,66858,1013.00,1102.00,2115.00,1102,1013,0.00,0.00,0,0,534864.00,48435392.00,48970256.00,48435392,534864
1705270901.009649,s3-eth1,6054354.00,66858.00,6121212.00,66858,6054354,1101.00,1013.00,2114.00,1013,1101,0.00,0.00,0,0,48434832.00,534864.00,48969696.00,534864,48434832
1705270901.009720,s2-eth2,66858.00,6054354.00,6121212.00,6054354,66858,1013.00,1101.00,2114.00,1101,1013,0.00,0.00,0,0,534864.00,48434832.00,48969696.00,48434832,534864
1705270901.009735,s3-eth2,66858.00,6054354.00,6121212.00,6054354,66858,1013.00,1101.00,2114.00,1101,1013,0.00,0.00,0,0,534864.00,48434832.00,48969696.00,48434832,534864
1705270901.009759,total,18364174.00,18364136.00,36728312.00,18364137,18364174,6348.00,6347.00,12695.00,6347,6348,0.00,0.00,0,0,146913392.00,146913088.00,293826496.00,146913096,146913392
1705270902.010041,lo,0.00,0.00,0.00,0,0,0.00,0.00,0.00,0,0,0.00,0.00,0,0,0.00,0.00,0.00,0,0
1705270902.010068,ens33,0.00,0.00,0.00,0,0,0.00,0.00,0.00,0,0,0.00,0.00,0,0,0.00,0.00,0.00,0,0
1705270902.010081,s1-eth1,5858012.00,65010.00,5923022.00,65010,5858012,1066.00,985.00,2051.00,985,1066,0.00,0.00,0,0,46864096.00,520080.00,47384176.00,520080,46864096
1705270902.010096,s2-eth1,5858012.00,65010.00,5923022.00,65010,5858012,1066.00,985.00,2051.00,985,1066,0.00,0.00,0,0,46864096.00,520080.00,47384176.00,520080,46864096
1705270902.010110,s1-eth2,65010.00,5858012.00,5923022.00,5858012,65010,985.00,1066.00,2051.00,1066,985,0.00,0.00,0,0,520080.00,46864096.00,47384176.00,46864096,520080
1705270902.010124,s3-eth1,5863870.00,65010.00,5928880.00,65010,5863870,1067.00,985.00,2052.00,985,1067,0.00,0.00,0,0,46910960.00,520080.00,47431040.00,520080,46910960
1705270902.010186,s2-eth2,65010.00,5863870.00,5928880.00,5863870,65010,985.00,1067.00,2052.00,1067,985,0.00,0.00,0,0,520080.00,46910960.00,47431040.00,46910960,520080
1705270902.010201,s3-eth2,64944.00,5858012.00,5922956.00,5858012,64944,984.00,1066.00,2050.00,1066,984,0.00,0.00,0,0,519552.00,46864096.00,47383648.00,46864096,519552
1705270902.010225,total,17774858.00,17774924.00,35549784.00,17774924,17774858,6153.00,6154.00,12307.00,6154,6153,0.00,0.00,0,0,142198864.00,142199392.00,284398272.00,142199392,142198864
1705270903.010653,lo,344.00,344.00,688.00,344,344,6.00,6.00,12.00,6,6,0.00,0.00,0,0,2752.00,2752.00,5504.00,2752,2752
1705270903.010743,ens33,202.00,198.00,400.00,198,202,3.00,3.00,6.00,3,3,0.00,0.00,0,0,1616.00,1584.00,3200.00,1584,1616
1705270903.010760,s1-eth1,6050010.00,66726.00,6116736.00,66726,6050010,1101.00,1011.00,2112.00,1011,1101,0.00,0.00,0,0,48400080.00,533808.00,48933888.00,533808,48400080
1705270903.010775,s2-eth1,6055868.00,66726.00,6122594.00,66726,6055868,1102.00,1011.00,2113.00,1011,1102,0.00,0.00,0,0,48446944.00,533808.00,48980752.00,533808,48446944
1705270903.010791,s1-eth2,66726.00,6055868.00,6122594.00,6055868,66726,1011.00,1102.00,2113.00,1102,1011,0.00,0.00,0,0,533808.00,48446944.00,48980752.00,48446944,533808
1705270903.010850,s3-eth1,6044152.00,66726.00,6110878.00,66726,6044152,1100.00,1011.00,2111.00,1011,1100,0.00,0.00,0,0,48353216.00,533808.00,48887024.00,533808,48353216
1705270903.010966,s2-eth2,66726.00,6044152.00,6110878.00,6044152,66726,1011.00,1100.00,2111.00,1100,1011,0.00,0.00,0,0,533808.00,48353216.00,48887024.00,48353216,533808
1705270903.010985,s3-eth2,66792.00,6055868.00,6122660.00,6055868,66792,1012.00,1102.00,2114.00,1102,1012,0.00,0.00,0,0,534336.00,48446944.00,48981280.00,48446944,534336
1705270903.011010,total,18350820.00,18356608.00,36707428.00,18356608,18350820,6346.00,6346.00,12692.00,6346,6346,0.00,0.00,0,0,146806560.00,146852864.00,293659424.00,146852864,146806560
1705270904.011313,lo,0.00,0.00,0.00,0,0,0.00,0.00,0.00,0,0,0.00,0.00,0,0,0.00,0.00,0.00,0,0
1705270904.011342,ens33,0.00,0.00,0.00,0,0,0.00,0.00,0.00,0,0,0.00,0.00,0,0,0.00,0.00,0.00,0,0
1705270904.011355,s1-eth1,6055868.00,66858.00,6122726.00,66858,6055868,1102.00,1013.00,2115.00,1013,1102,0.00,0.00,0,0,48446944.00,534864.00,48981808.00,534864,48446944
1705270904.011372,s2-eth1,6050010.00,66858.00,6116868.00,66858,6050010,1101.00,1013.00,2114.00,1013,1101,0.00,0.00,0,0,48400080.00,534864.00,48934944.00,534864,48400080
1705270904.011387,s1-eth2,66858.00,6050010.00,6116868.00,6050010,66858,1013.00,1101.00,2114.00,1101,1013,0.00,0.00,0,0,534864.00,48400080.00,48934944.00,48400080,534864
1705270904.011401,s3-eth1,6055868.00,66858.00,6122726.00,66858,6055868,1102.00,1013.00,2115.00,1013,1102,0.00,0.00,0,0,48446944.00,534864.00,48981808.00,534864,48446944
1705270904.011495,s2-eth2,66858.00,6055868.00,6122726.00,6055868,66858,1013.00,1102.00,2115.00,1102,1013,0.00,0.00,0,0,534864.00,48446944.00,48981808.00,48446944,534864
1705270904.011513,s3-eth2,66858.00,6050010.00,6116868.00,6050010,66858,1013.00,1101.00,2114.00,1101,1013,0.00,0.00,0,0,534864.00,48400080.00,48934944.00,48400080,534864
1705270904.011539,total,18362320.00,18356462.00,36718784.00,18356462,18362320,6344.00,6343.00,12687.00,6343,6344,0.00,0.00,0,0,146898560.00,146851696.00,293750272.00,146851696,146898560
1705270905.011860,lo,0.00,0.00,0.00,0,0,0.00,0.00,0.00,0,0,0.00,0.00,0,0,0.00,0.00,0.00,0,0
1705270905.011900,ens33,0.00,0.00,0.00,0,0,0.00,0.00,0.00,0,0,0.00,0.00,0,0,0.00,0.00,0.00,0,0
1705270905.011915,s1-eth1,6055868.00,66792.00,6122660.00,66792,6055868,1102.00,1012.00,2114.00,1012,1102,0.00,0.00,0,0,48446944.00,534336.00,48981280.00,534336,48446944
1705270905.011930,s2-eth1,6055868.00,66792.00,6122660.00,66792,6055868,1102.00,1012.00,2114.00,1012,1102,0.00,0.00,0,0,48446944.00,534336.00,48981280.00,534336,48446944
1705270905.011945,s1-eth2,66792.00,6055868.00,6122660.00,6055868,66792,1012.00,1102.00,2114.00,1102,1012,0.00,0.00,0,0,534336.00,48446944.00,48981280.00,48446944,534336
1705270905.011958,s3-eth1,6055868.00,66792.00,6122660.00,66792,6055868,1102.00,1012.00,2114.00,1012,1102,0.00,0.00,0,0,48446944.00,534336.00,48981280.00,534336,48446944
1705270905.012020,s2-eth2,66792.00,6055868.00,6122660.00,6055868,66792,1012.00,1102.00,2114.00,1102,1012,0.00,0.00,0,0,534336.00,48446944.00,48981280.00,48446944,534336
1705270905.012036,s3-eth2,66792.00,6055868.00,6122660.00,6055868,66792,1012.00,1102.00,2114.00,1102,1012,0.00,0.00,0,0,534336.00,48446944.00,48981280.00,48446944,534336
1705270905.012061,total,18367980.00,18367980.00,36735960.00,18367980,18367980,6342.00,6342.00,12684.00,6342,6342,0.00,0.00,0,0,146943840.00,146943840.00,293887680.00,146943840,146943840
1705270906.012333,lo,1690.00,1690.00,3380.00,1690,1690,15.00,15.00,30.00,15,15,0.00,0.00,0,0,13520.00,13520.00,27040.00,13520,13520
1705270906.012377,ens33,93.00,60.00,153.00,60,93,1.00,1.00,2.00,1,1,0.00,0.00,0,0,744.00,480.00,1224.00,480,744
1705270906.012394,s1-eth1,6048566.00,66928.00,6115494.00,66928,6048566,1101.00,1014.00,2115.00,1014,1101,0.00,0.00,0,0,48388528.00,535424.00,48923952.00,535424,48388528
1705270906.012408,s2-eth1,6048566.00,66928.00,6115494.00,66928,6048566,1101.00,1014.00,2115.00,1014,1101,0.00,0.00,0,0,48388528.00,535424.00,48923952.00,535424,48388528
1705270906.012423,s1-eth2,66928.00,6048566.00,6115494.00,6048566,66928,1014.00,1101.00,2115.00,1101,1014,0.00,0.00,0,0,535424.00,48388528.00,48923952.00,48388528,535424
1705270906.012436,s3-eth1,6048566.00,66862.00,6115428.00,66862,6048566,1101.00,1013.00,2114.00,1013,1101,0.00,0.00,0,0,48388528.00,534896.00,48923424.00,534896,48388528
1705270906.012527,s2-eth2,66862.00,6048566.00,6115428.00,6048566,66862,1013.00,1101.00,2114.00,1101,1013,0.00,0.00,0,0,534896.00,48388528.00,48923424.00,48388528,534896
1705270906.012668,s3-eth2,66862.00,6048496.00,6115358.00,6048496,66862,1013.00,1100.00,2113.00,1100,1013,0.00,0.00,0,0,534896.00,48387968.00,48922864.00,48387968,534896
1705270906.012696,total,18348132.00,18348096.00,36696228.00,18348096,18348133,6359.00,6359.00,12718.00,6359,6359,0.00,0.00,0,0,146785056.00,146784768.00,293569824.00,146784768,146785064
1705270907.013297,lo,0.00,0.00,0.00,0,0,0.00,0.00,0.00,0,0,0.00,0.00,0,0,0.00,0.00,0.00,0,0
1705270907.013390,ens33,59.94,92.91,152.85,93,60,1.00,1.00,2.00,1,1,0.00,0.00,0,0,479.52,743.26,1222.78,744,480
1705270907.013424,s1-eth1,5284172.00,59010.99,5343183.00,59070,5289456,963.04,894.11,1857.14,895,964,0.00,0.00,0,0,42273376.00,472087.94,42745464.00,472560,42315648
1705270907.013454,s2-eth1,5218286.00,59670.33,5277956.00,59730,5223504,951.05,904.10,1855.14,905,952,0.00,0.00,0,0,41746288.00,477362.66,42223648.00,477840,41788032
1705270907.013482,s1-eth2,59670.33,5218286.00,5277956.00,5223504,59730,904.10,951.05,1855.14,952,905,0.00,0.00,0,0,477362.66,41746288.00,42223648.00,41788032,477840
1705270907.013533,s3-eth1,5152399.50,60395.61,5212795.50,60456,5157552,939.06,915.08,1854.15,916,940,0.00,0.00,0,0,41219196.00,483164.84,41702364.00,483648,41260416
1705270907.013654,s2-eth2,60395.61,5152399.50,5212795.50,5157552,60456,915.08,939.06,1854.15,940,916,0.00,0.00,0,0,483164.84,41219196.00,41702364.00,41260416,483648
1705270907.013685,s3-eth2,61054.95,5086513.50,5147568.50,5091600,61116,925.07,927.07,1852.15,928,926,0.00,0.00,0,0,488439.56,40692108.00,41180548.00,40732800,488928
1705270907.013733,total,15836038.00,15636369.00,31472408.00,15652005,15851874,5598.40,5531.47,11129.87,5537,5604,0.00,0.00,0,0,126688304.00,125090952.00,251779264.00,125216040,126814992
1705270908.014418,lo,0.00,0.00,0.00,0,0,0.00,0.00,0.00,0,0,0.00,0.00,0,0,0.00,0.00,0.00,0,0
1705270908.014518,ens33,0.00,0.00,0.00,0,0,0.00,0.00,0.00,0,0,0.00,0.00,0,0,0.00,0.00,0.00,0,0
1705270908.014548,s1-eth1,0.00,0.00,0.00,0,0,0.00,0.00,0.00,0,0,0.00,0.00,0,0,0.00,0.00,0.00,0,0
1705270908.014570,s2-eth1,0.00,0.00,0.00,0,0,0.00,0.00,0.00,0,0,0.00,0.00,0,0,0.00,0.00,0.00,0,0
1705270908.014591,s1-eth2,0.00,0.00,0.00,0,0,0.00,0.00,0.00,0,0,0.00,0.00,0,0,0.00,0.00,0.00,0,0
1705270908.014613,s3-eth1,0.00,0.00,0.00,0,0,0.00,0.00,0.00,0,0,0.00,0.00,0,0,0.00,0.00,0.00,0,0
1705270908.014727,s2-eth2,0.00,0.00,0.00,0,0,0.00,0.00,0.00,0,0,0.00,0.00,0,0,0.00,0.00,0.00,0,0
1705270908.014751,s3-eth2,69.93,0.00,69.93,0,70,1.00,0.00,1.00,0,1,0.00,0.00,0,0,559.44,0.00,559.44,0,560
1705270908.014796,total,69.93,0.00,69.93,0,70,1.00,0.00,1.00,0,1,0.00,0.00,0,0,559.44,0.00,559.44,0,560
1705270909.015616,lo,1646.35,1646.35,3292.71,1648,1648,11.99,11.99,23.98,12,12,0.00,0.00,0,0,13170.83,13170.83,26341.66,13184,13184
1705270909.015714,ens33,119.88,119.88,239.76,120,120,2.00,2.00,4.00,2,2,0.00,0.00,0,0,959.04,959.04,1918.08,960,960
1705270909.015748,s1-eth1,213.79,0.00,213.79,0,214,2.00,0.00,2.00,0,2,0.00,0.00,0,0,1710.29,0.00,1710.29,0,1712
1705270909.015773,s2-eth1,106.89,106.89,213.79,107,107,1.00,1.00,2.00,1,1,0.00,0.00,0,0,855.14,855.14,1710.29,856,856
1705270909.015799,s1-eth2,106.89,106.89,213.79,107,107,1.00,1.00,2.00,1,1,0.00,0.00,0,0,855.14,855.14,1710.29,856,856
1705270909.015824,s3-eth1,0.00,213.79,213.79,214,0,0.00,2.00,2.00,2,0,0.00,0.00,0,0,0.00,1710.29,1710.29,1712,0
1705270909.015940,s2-eth2,213.79,0.00,213.79,0,214,2.00,0.00,2.00,0,2,0.00,0.00,0,0,1710.29,0.00,1710.29,0,1712
1705270909.015967,s3-eth2,213.79,0.00,213.79,0,214,2.00,0.00,2.00,0,2,0.00,0.00,0,0,1710.29,0.00,1710.29,0,1712
1705270909.016011,total,2621.38,2193.81,4815.19,2196,2624,21.98,17.98,39.96,18,22,0.00,0.00,0,0,20971.03,17550.45,38521.48,17568,20992
1705270910.016711,lo,1836.16,1836.16,3672.33,1838,1838,14.99,14.99,29.97,15,15,0.00,0.00,0,0,14689.31,14689.31,29378.62,14704,14704
1705270910.016817,ens33,0.00,0.00,0.00,0,0,0.00,0.00,0.00,0,0,0.00,0.00,0,0,0.00,0.00,0.00,0,0
1705270910.016847,s1-eth1,246.75,0.00,246.75,0,247,3.00,0.00,3.00,0,3,0.00,0.00,0,0,1974.03,0.00,1974.03,0,1976
1705270910.016872,s2-eth1,176.82,0.00,176.82,0,177,2.00,0.00,2.00,0,2,0.00,0.00,0,0,1414.59,0.00,1414.59,0,1416
1705270910.016897,s1-eth2,0.00,176.82,176.82,177,0,0.00,2.00,2.00,2,0,0.00,0.00,0,0,0.00,1414.59,1414.59,1416,0
1705270910.016921,s3-eth1,176.82,0.00,176.82,0,177,2.00,0.00,2.00,0,2,0.00,0.00,0,0,1414.59,0.00,1414.59,0,1416
1705270910.017038,s2-eth2,0.00,176.82,176.82,177,0,0.00,2.00,2.00,2,0,0.00,0.00,0,0,0.00,1414.59,1414.59,1416,0
1705270910.017065,s3-eth2,106.89,69.93,176.82,70,107,1.00,1.00,2.00,1,1,0.00,0.00,0,0,855.14,559.44,1414.59,560,856
1705270910.017111,total,2543.46,2259.74,4803.20,2262,2546,22.98,19.98,42.96,20,23,0.00,0.00,0,0,20347.65,18077.92,38425.57,18096,20368
1705270911.017854,lo,0.00,0.00,0.00,0,0,0.00,0.00,0.00,0,0,0.00,0.00,0,0,0.00,0.00,0.00,0,0
1705270911.017951,ens33,0.00,0.00,0.00,0,0,0.00,0.00,0.00,0,0,0.00,0.00,0,0,0.00,0.00,0.00,0,0
1705270911.017980,s1-eth1,41.96,41.96,83.92,42,42,1.00,1.00,2.00,1,1,0.00,0.00,0,0,335.66,335.66,671.33,336,336
1705270911.018007,s2-eth1,41.96,41.96,83.92,42,42,1.00,1.00,2.00,1,1,0.00,0.00,0,0,335.66,335.66,671.33,336,336
1705270911.018057,s1-eth2,41.96,41.96,83.92,42,42,1.00,1.00,2.00,1,1,0.00,0.00,0,0,335.66,335.66,671.33,336,336
1705270911.018083,s3-eth1,41.96,41.96,83.92,42,42,1.00,1.00,2.00,1,1,0.00,0.00,0,0,335.66,335.66,671.33,336,336
1705270911.018200,s2-eth2,41.96,41.96,83.92,42,42,1.00,1.00,2.00,1,1,0.00,0.00,0,0,335.66,335.66,671.33,336,336
1705270911.018227,s3-eth2,41.96,41.96,83.92,42,42,1.00,1.00,2.00,1,1,0.00,0.00,0,0,335.66,335.66,671.33,336,336
1705270911.018272,total,251.75,251.75,503.50,252,252,5.99,5.99,11.99,6,6,0.00,0.00,0,0,2013.99,2013.99,4027.97,2016,2016
1705270912.018638,lo,338.00,338.00,676.00,338,338,3.00,3.00,6.00,3,3,0.00,0.00,0,0,2704.00,2704.00,5408.00,2704,2704
1705270912.018692,ens33,153.00,153.00,306.00,153,153,2.00,2.00,4.00,2,2,0.00,0.00,0,0,1224.00,1224.00,2448.00,1224,1224
1705270912.018708,s1-eth1,0.00,0.00,0.00,0,0,0.00,0.00,0.00,0,0,0.00,0.00,0,0,0.00,0.00,0.00,0,0
1705270912.018718,s2-eth1,0.00,0.00,0.00,0,0,0.00,0.00,0.00,0,0,0.00,0.00,0,0,0.00,0.00,0.00,0,0
1705270912.018728,s1-eth2,0.00,0.00,0.00,0,0,0.00,0.00,0.00,0,0,0.00,0.00,0,0,0.00,0.00,0.00,0,0
1705270912.018739,s3-eth1,0.00,70.00,70.00,70,0,0.00,1.00,1.00,1,0,0.00,0.00,0,0,0.00,560.00,560.00,560,0
1705270912.018974,s2-eth2,70.00,0.00,70.00,0,70,1.00,0.00,1.00,0,1,0.00,0.00,0,0,560.00,0.00,560.00,0,560
1705270912.019031,s3-eth2,70.00,0.00,70.00,0,70,1.00,0.00,1.00,0,1,0.00,0.00,0,0,560.00,0.00,560.00,0,560
1705270912.019064,total,631.00,561.00,1192.00,561,631,7.00,6.00,13.00,6,7,0.00,0.00,0,0,5048.00,4488.00,9536.00,4488,5048
1705270913.019480,lo,0.00,0.00,0.00,0,0,0.00,0.00,0.00,0,0,0.00,0.00,0,0,0.00,0.00,0.00,0,0
1705270913.020256,ens33,0.00,0.00,0.00,0,0,0.00,0.00,0.00,0,0,0.00,0.00,0,0,0.00,0.00,0.00,0,0
1705270913.020291,s1-eth1,0.00,0.00,0.00,0,0,0.00,0.00,0.00,0,0,0.00,0.00,0,0,0.00,0.00,0.00,0,0
1705270913.020314,s2-eth1,0.00,0.00,0.00,0,0,0.00,0.00,0.00,0,0,0.00,0.00,0,0,0.00,0.00,0.00,0,0
1705270913.020336,s1-eth2,0.00,0.00,0.00,0,0,0.00,0.00,0.00,0,0,0.00,0.00,0,0,0.00,0.00,0.00,0,0
1705270913.020358,s3-eth1,0.00,0.00,0.00,0,0,0.00,0.00,0.00,0,0,0.00,0.00,0,0,0.00,0.00,0.00,0,0
1705270913.020547,s2-eth2,0.00,0.00,0.00,0,0,0.00,0.00,0.00,0,0,0.00,0.00,0,0,0.00,0.00,0.00,0,0
1705270913.020576,s3-eth2,0.00,0.00,0.00,0,0,0.00,0.00,0.00,0,0,0.00,0.00,0,0,0.00,0.00,0.00,0,0
1705270913.020618,total,0.00,0.00,0.00,0,0,0.00,0.00,0.00,0,0,0.00,0.00,0,0,0.00,0.00,0.00,0,0
1705270914.021388,lo,675.32,675.32,1350.65,676,676,5.99,5.99,11.99,6,6,0.00,0.00,0,0,5402.60,5402.60,10805.20,5408,5408
1705270914.021487,ens33,0.00,0.00,0.00,0,0,0.00,0.00,0.00,0,0,0.00,0.00,0,0,0.00,0.00,0.00,0,0
1705270914.021517,s1-eth1,0.00,0.00,0.00,0,0,0.00,0.00,0.00,0,0,0.00,0.00,0,0,0.00,0.00,0.00,0,0
1705270914.021539,s2-eth1,0.00,69.93,69.93,70,0,0.00,1.00,1.00,1,0,0.00,0.00,0,0,0.00,559.44,559.44,560,0
1705270914.021564,s1-eth2,69.93,0.00,69.93,0,70,1.00,0.00,1.00,0,1,0.00,0.00,0,0,559.44,0.00,559.44,0,560
1705270914.021588,s3-eth1,0.00,69.93,69.93,70,0,0.00,1.00,1.00,1,0,0.00,0.00,0,0,0.00,559.44,559.44,560,0
1705270914.021704,s2-eth2,69.93,0.00,69.93,0,70,1.00,0.00,1.00,0,1,0.00,0.00,0,0,559.44,0.00,559.44,0,560
1705270914.021730,s3-eth2,69.93,0.00,69.93,0,70,1.00,0.00,1.00,0,1,0.00,0.00,0,0,559.44,0.00,559.44,0,560
1705270914.021774,total,885.11,815.18,1700.30,816,886,8.99,7.99,16.98,8,9,0.00,0.00,0,0,7080.92,6521.48,13602.40,6528,7088
1705270915.022587,lo,171.83,171.83,343.66,172,172,3.00,3.00,5.99,3,3,0.00,0.00,0,0,1374.63,1374.63,2749.25,1376,1376
1705270915.022688,ens33,0.00,0.00,0.00,0,0,0.00,0.00,0.00,0,0,0.00,0.00,0,0,0.00,0.00,0.00,0,0
1705270915.022717,s1-eth1,0.00,0.00,0.00,0,0,0.00,0.00,0.00,0,0,0.00,0.00,0,0,0.00,0.00,0.00,0,0
1705270915.022739,s2-eth1,0.00,0.00,0.00,0,0,0.00,0.00,0.00,0,0,0.00,0.00,0,0,0.00,0.00,0.00,0,0
1705270915.022761,s1-eth2,0.00,0.00,0.00,0,0,0.00,0.00,0.00,0,0,0.00,0.00,0,0,0.00,0.00,0.00,0,0
1705270915.022783,s3-eth1,0.00,0.00,0.00,0,0,0.00,0.00,0.00,0,0,0.00,0.00,0,0,0.00,0.00,0.00,0,0
1705270915.022896,s2-eth2,0.00,0.00,0.00,0,0,0.00,0.00,0.00,0,0,0.00,0.00,0,0,0.00,0.00,0.00,0,0
1705270915.023042,s3-eth2,0.00,0.00,0.00,0,0,0.00,0.00,0.00,0,0,0.00,0.00,0,0,0.00,0.00,0.00,0,0
1705270915.023093,total,171.83,171.83,343.66,172,172,3.00,3.00,5.99,3,3,0.00,0.00,0,0,1374.63,1374.63,2749.25,1376,1376
